"12/25/2021 20:09","3512B Center (4TN00222)","(Total Samples = 2000 - Sample Rate = 120 Per Minute)"
"Unit Descriptions","kPa","kPa","%","RPM","kPa","kPa","kPa","Deg C","Deg C"
"Sample #","Boost Pressure","Fuel Pressure","Throttle Position","Engine Speed","Right Turbo Inlet Pressure (abs)","Left Turbo Inlet Pressure (abs)","Crankcase Pressure","Right Exhaust Temperature","Left Exhaust Temperature"
1,No Data,No Data,No Data,No Data,No Data,No Data,No Data,No Data,No Data
2,No Data,No Data,No Data,No Data,No Data,No Data,No Data,No Data,No Data
3,No Data,No Data,No Data,No Data,No Data,No Data,No Data,No Data,No Data
4,0,261,0,650,100.5,100.5,0.0,No Data,80
5,0,261,0,650,100.5,100.5,0.0,Timed Out,80
6,0,260,0,651,100.5,100.5,-0.7,96,96
7,0,260,0,651,100.5,100.5,-0.7,96,96
8,0,260,0,651,100.5,100.5,-0.7,112,96
9,2,260,0,651,100.5,100.5,0.0,96,91
10,2,260,0,650,100.5,100.5,-0.7,96,85
11,0,260,0,651,101.0,100.5,0.0,96,80
12,0,260,0,652,101.0,100.5,-0.7,96,85
13,0,260,0,653,101.0,100.5,0.0,112,91
14,0,260,0,651,101.0,100.5,0.0,112,96
15,0,261,0,651,101.0,100.5,-0.7,91,69
16,0,260,0,650,101.0,100.5,-0.7,102,80
17,0,261,0,650,101.0,100.5,-0.7,102,80
18,0,260,0,652,101.0,100.5,-0.7,112,85
19,0,260,0,652,101.0,100.5,-0.7,112,80
20,0,260,0,648,101.0,100.5,-0.7,112,80
21,2,260,0,650,101.0,100.5,0.0,112,85
22,2,260,0,650,101.0,100.5,0.0,96,85
23,0,260,0,649,100.5,100.5,-0.7,112,85
24,0,260,0,649,100.5,100.5,-0.7,112,85
25,0,260,0,651,101.0,100.5,-0.7,107,80
26,0,260,0,650,101.0,100.5,-0.7,107,91
27,0,260,0,651,101.0,100.5,-0.7,102,80
28,0,260,0,651,101.0,100.5,0.0,102,96
29,2,261,0,649,100.5,100.5,-0.7,102,80
30,0,260,0,651,101.0,100.5,-0.7,112,91
31,0,260,0,651,101.0,100.5,-0.7,112,91
32,0,260,0,650,101.0,100.5,-0.7,91,91
33,2,260,0,650,100.5,100.5,0.0,91,80
34,0,260,0,651,101.0,100.5,-0.7,112,91
35,0,260,0,651,101.0,100.5,-0.7,112,91
36,0,260,0,649,100.5,100.5,0.0,118,85
37,0,260,0,651,100.5,100.5,0.0,112,91
38,0,260,0,647,100.5,100.5,-0.7,112,74
39,0,260,0,650,100.5,100.5,-0.7,112,85
40,2,260,0,651,101.0,100.5,0.0,112,80
41,0,260,0,650,101.0,100.5,-0.7,107,96
42,0,260,0,650,100.5,100.5,-0.7,107,91
43,2,260,0,651,101.0,100.5,-0.7,102,69
44,0,257,28,665,101.0,100.5,-0.7,107,69
45,0,264,36,810,100.5,100.5,-0.7,107,91
46,0,285,36,944,100.5,100.5,-0.7,102,85
47,0,310,14,970,100.5,100.5,-0.7,102,74
48,0,328,14,935,100.5,100.5,0.0,118,85
49,0,337,14,900,100.5,100.5,-0.7,118,96
50,0,343,14,832,100.5,100.5,0.0,118,85
51,0,343,14,832,100.5,100.5,0.0,112,85
52,0,340,14,794,100.5,100.5,-0.7,112,91
53,0,337,14,834,100.5,100.5,-0.7,123,102
54,0,337,14,834,100.5,100.5,-0.7,123,102
55,0,342,14,839,100.5,100.5,-0.7,112,102
56,0,342,14,839,100.5,100.5,-0.7,112,102
57,0,343,14,836,100.5,100.5,-0.7,112,91
58,0,343,14,836,100.5,100.5,-0.7,112,91
59,0,344,14,835,100.5,100.5,-0.7,112,102
60,0,343,14,837,100.5,100.5,-0.7,112,107
61,0,343,14,831,100.5,100.5,0.0,118,91
62,0,343,14,833,100.5,100.5,0.0,112,96
63,0,343,14,833,100.5,100.5,0.0,112,96
64,0,344,14,833,100.5,100.5,0.0,118,91
65,0,344,14,833,100.5,100.5,0.0,118,91
66,0,344,14,836,100.5,100.5,-0.7,123,91
67,0,344,14,835,100.5,100.5,0.0,123,96
68,0,344,14,837,100.5,100.5,0.0,118,102
69,0,344,14,834,100.5,100.5,-0.7,133,96
70,0,344,14,836,100.5,100.5,-0.7,133,91
71,0,344,14,833,100.5,100.5,-0.7,112,107
72,0,344,14,834,100.5,100.5,-0.7,112,107
73,0,343,14,833,100.5,100.5,-0.7,112,102
74,0,343,14,830,100.5,100.5,-0.7,123,96
75,0,343,14,831,100.5,100.5,0.0,123,91
76,0,342,14,833,100.5,100.5,-0.7,133,96
77,0,343,14,835,100.5,100.5,-0.7,133,102
78,2,342,14,833,100.5,100.5,0.1,139,96
79,0,343,14,832,100.5,100.5,-0.7,139,96
80,0,342,14,833,100.5,100.5,0.0,128,107
81,0,342,14,834,100.5,100.5,-0.7,123,96
82,0,342,14,832,100.5,100.5,-0.7,123,85
83,0,342,14,831,100.5,100.5,0.0,139,96
84,0,342,14,831,100.5,100.5,0.0,139,96
85,0,343,14,835,100.5,100.5,0.0,144,102
86,0,343,14,835,100.5,100.5,0.0,144,102
87,0,343,14,831,100.5,100.5,0.0,133,107
88,0,343,24,888,100.5,100.5,0.0,118,91
89,0,343,24,888,100.5,100.5,0.0,118,91
90,0,355,26,988,100.5,100.5,-0.7,149,112
91,0,355,26,988,100.5,100.5,-0.7,149,112
92,0,365,32,1043,100.5,100.5,-0.7,133,112
93,0,365,32,1043,100.5,100.5,-0.7,133,112
94,0,371,32,1075,100.5,100.5,0.0,149,96
95,0,379,32,1075,100.5,100.5,-0.7,133,107
96,0,379,32,1075,100.5,100.5,-0.7,133,107
97,0,382,31,1066,100.5,100.5,-0.7,159,128
98,2,382,30,1046,100.5,100.5,0.0,159,118
99,0,382,30,1038,100.5,100.5,-0.7,144,118
100,0,382,33,1035,100.5,100.5,-0.7,144,118
101,2,380,36,1069,100.5,100.5,0.0,164,123
102,0,381,35,1103,100.5,100.5,-0.7,159,123
103,2,383,34,1116,100.5,100.5,-0.7,159,123
104,2,385,34,1106,100.5,100.5,-0.7,164,139
105,2,386,34,1100,100.5,100.5,-0.7,164,139
106,4,386,35,1086,100.5,100.5,-0.7,174,149
107,4,386,34,1080,100.5,100.5,-0.7,174,128
108,6,384,34,1082,100.5,100.5,-0.7,194,149
109,4,384,34,1089,100.5,100.5,-0.7,189,139
110,6,383,34,1094,100.5,100.5,-0.7,189,159
111,8,384,34,1096,100.5,100.5,0.0,189,159
112,6,384,34,1098,100.5,100.5,-0.7,189,159
113,8,384,34,1102,100.5,100.5,-0.7,199,149
114,8,384,34,1104,100.5,100.5,-0.7,199,179
115,10,384,34,1102,100.5,100.5,-0.7,199,169
116,8,384,34,1103,100.5,100.5,-0.7,208,164
117,8,385,34,1104,100.5,100.5,0.0,208,189
118,10,385,34,1107,100.5,100.5,-0.7,233,189
119,10,385,34,1102,100.5,100.5,-0.7,233,184
120,10,385,34,1102,100.5,100.5,-0.7,218,189
121,10,385,34,1102,100.5,100.5,-0.7,218,189
122,10,385,34,1103,100.5,100.5,-0.7,242,194
123,10,386,34,1100,100.5,100.5,0.0,228,194
124,8,385,34,1106,100.5,100.5,0.0,228,204
125,10,385,34,1099,100.5,100.5,-0.8,233,213
126,10,386,34,1101,100.5,100.5,-0.7,233,199
127,10,386,34,1102,100.5,100.5,-0.7,252,204
128,10,386,34,1101,100.5,100.5,-0.7,257,223
129,10,386,34,1101,100.5,100.5,-0.7,257,223
130,12,386,34,1102,100.5,100.5,0.0,242,233
131,12,386,34,1102,100.5,100.5,0.0,242,233
132,10,386,34,1099,100.5,100.5,0.0,247,237
133,10,386,34,1099,100.5,100.5,0.0,247,237
134,10,386,34,1099,100.5,100.5,-0.7,257,228
135,10,386,34,1105,100.5,100.5,-0.7,262,242
136,10,386,34,1105,100.5,100.5,-0.7,262,242
137,12,386,36,1104,100.5,100.5,0.0,266,237
138,12,386,36,1104,100.5,100.5,0.0,266,237
139,12,387,36,1112,100.5,100.5,0.0,276,237
140,12,387,36,1112,100.5,100.5,0.0,276,237
141,12,387,36,1117,100.5,100.5,-0.7,262,247
142,12,388,37,1121,100.5,100.5,-0.7,280,242
143,12,388,37,1121,100.5,100.5,-0.7,280,242
144,12,390,37,1134,100.5,100.5,-0.7,266,252
145,12,390,37,1134,100.5,100.5,-0.7,266,252
146,12,392,37,1139,100.5,100.5,-0.7,271,242
147,12,392,37,1139,100.5,100.5,-0.7,271,242
148,10,393,37,1142,100.5,100.5,-0.7,280,271
149,12,393,37,1135,100.5,100.5,-0.7,290,262
150,12,393,37,1135,100.5,100.5,-0.7,290,262
151,14,394,37,1143,100.5,100.5,0.0,290,271
152,14,394,37,1143,100.5,100.5,0.0,290,271
153,12,395,37,1147,100.5,100.5,0.0,304,266
154,12,395,37,1147,100.5,100.5,0.0,304,266
155,12,395,37,1141,100.5,100.5,-0.7,308,271
156,12,396,37,1135,100.5,100.5,0.0,304,257
157,12,396,37,1135,100.5,100.5,0.0,304,257
158,12,395,37,1135,100.5,100.5,0.0,299,271
159,10,395,37,1131,100.5,100.5,-0.7,299,280
160,14,394,37,1136,100.5,100.5,-0.7,290,271
161,14,394,37,1136,100.5,100.5,-0.7,290,271
162,10,394,37,1137,100.5,100.5,-0.7,313,271
163,10,394,37,1134,100.5,100.5,0.0,290,262
164,12,394,37,1135,100.5,100.5,0.0,290,280
165,12,394,37,1140,100.5,100.5,-0.7,299,276
166,12,394,37,1135,100.5,100.5,-0.7,299,266
167,10,394,37,1138,100.5,100.5,-0.7,299,276
168,10,394,37,1138,100.5,100.5,-0.7,299,276
169,14,394,37,1137,100.5,100.5,-0.7,290,262
170,12,394,37,1136,100.5,100.5,-0.7,313,285
171,12,394,37,1136,100.5,100.5,-0.7,313,285
172,12,394,37,1136,100.5,100.5,0.0,322,290
173,12,394,37,1136,100.5,100.5,0.0,322,290
174,12,395,37,1140,100.5,100.5,-0.7,299,280
175,12,395,37,1140,100.5,100.5,-0.7,299,280
176,12,395,37,1140,100.5,100.5,-0.8,308,271
177,12,395,37,1140,100.5,100.5,-0.8,299,290
178,12,395,37,1140,100.5,100.5,-0.8,299,290
179,10,396,37,1141,100.5,100.5,-0.7,318,266
180,10,396,37,1141,100.5,100.5,-0.7,318,266
181,12,396,37,1137,100.5,100.5,-0.7,313,271
182,12,396,37,1137,100.5,100.5,-0.7,313,271
183,12,396,37,1144,100.5,100.5,0.0,308,290
184,10,396,37,1142,100.5,100.5,0.0,304,290
185,10,396,37,1142,100.5,100.5,0.0,304,290
186,12,397,37,1142,100.5,100.5,-0.7,313,285
187,12,397,37,1142,100.5,100.5,-0.7,313,285
188,10,396,37,1139,100.5,100.5,0.0,322,266
189,10,396,37,1135,100.5,100.5,0.0,322,276
190,12,396,37,1132,100.5,100.5,-0.7,308,285
191,10,396,37,1140,100.5,100.5,-0.7,299,271
192,10,396,37,1140,100.5,100.5,-0.7,299,271
193,10,396,37,1135,100.5,100.5,-0.7,318,290
194,12,396,37,1140,100.5,100.5,-0.7,318,276
195,12,395,37,1139,100.5,100.5,-0.7,318,280
196,12,396,37,1138,100.5,100.5,0.0,318,280
197,12,396,37,1141,100.5,100.5,0.0,290,285
198,10,396,37,1138,100.5,100.5,-0.7,308,299
199,10,396,37,1138,100.5,100.5,-0.7,308,299
200,8,396,37,1143,100.5,100.5,-0.7,308,285
201,8,396,37,1143,100.5,100.5,-0.7,308,285
202,10,396,37,1138,100.5,100.5,0.0,290,285
203,10,396,37,1135,100.5,100.5,0.0,308,266
204,10,396,37,1135,100.5,100.5,0.0,308,285
205,8,396,37,1140,100.5,100.5,-0.7,290,285
206,10,397,37,1136,100.5,100.5,-0.7,290,276
207,10,397,37,1142,100.5,100.5,-0.7,290,290
208,10,397,37,1142,100.5,100.5,-0.7,290,290
209,10,397,37,1140,100.5,100.5,0.0,290,290
210,8,396,37,1136,100.5,100.5,-0.7,285,299
211,10,397,37,1135,100.5,100.5,-0.7,285,271
212,12,397,37,1136,100.5,100.5,-0.7,304,290
213,10,396,37,1140,100.5,100.5,-0.7,304,266
214,10,396,37,1138,100.5,100.5,-0.7,285,276
215,10,396,37,1134,100.5,100.5,0.0,285,276
216,10,396,37,1138,100.5,100.5,0.0,304,266
217,12,396,37,1131,100.5,100.5,0.0,290,276
218,10,396,37,1131,100.5,100.5,0.0,290,280
219,10,395,37,1132,100.5,100.5,-0.7,304,266
220,10,395,37,1128,100.5,100.5,0.0,304,276
221,10,395,37,1131,100.5,100.5,0.0,290,290
222,10,395,37,1136,100.5,100.5,-0.7,290,280
223,10,395,37,1132,100.5,100.5,-0.7,308,271
224,12,396,37,1132,100.5,100.5,-0.7,290,285
225,10,395,37,1138,100.5,100.5,0.0,290,285
226,10,396,37,1135,100.5,100.5,-0.7,285,262
227,10,396,37,1134,100.5,100.5,0.0,285,280
228,10,396,37,1139,100.5,100.5,0.0,299,285
229,10,396,37,1139,100.5,100.5,0.0,299,285
230,10,396,37,1135,100.5,100.5,-0.7,280,271
231,12,395,37,1138,100.5,100.5,-0.7,313,280
232,10,396,37,1136,100.5,100.5,-0.7,313,280
233,10,395,37,1131,100.5,100.5,0.0,290,280
234,10,395,37,1131,100.5,100.5,0.0,290,280
235,10,396,37,1135,100.5,100.5,-0.7,290,290
236,10,396,37,1135,100.5,100.5,-0.7,290,290
237,14,396,37,1136,100.5,100.5,-0.7,299,276
238,10,396,37,1143,100.5,100.5,-0.7,285,285
239,10,396,37,1141,100.5,100.5,0.0,285,266
240,10,396,37,1143,100.5,100.5,0.0,299,280
241,8,396,37,1141,100.5,100.5,0.0,299,285
242,10,396,37,1135,100.5,100.5,0.0,299,271
243,10,396,37,1137,100.5,100.5,-0.7,299,280
244,12,396,37,1133,100.5,100.5,-0.7,304,290
245,12,396,37,1136,100.5,100.5,-0.7,313,299
246,10,396,37,1139,100.5,100.5,-0.7,313,280
247,10,396,37,1134,100.5,100.5,0.0,308,276
248,10,396,37,1134,100.5,100.5,0.0,308,276
249,12,396,37,1140,100.5,100.5,-0.7,299,299
250,12,396,37,1140,100.5,100.5,-0.7,299,299
251,10,396,37,1135,100.5,100.5,-0.7,285,271
252,10,396,37,1140,100.5,100.5,-0.7,290,299
253,12,396,37,1136,100.5,100.5,-0.7,290,285
254,12,396,37,1137,100.5,100.5,-0.7,308,280
255,10,396,37,1134,100.5,100.5,0.0,308,280
256,12,396,37,1135,100.5,100.5,-0.7,304,285
257,12,396,37,1135,100.5,100.5,-0.7,304,285
258,12,396,37,1139,100.5,100.5,-0.7,285,290
259,10,396,37,1133,100.5,100.5,-0.7,304,285
260,10,396,37,1137,100.5,100.5,-0.7,304,290
261,12,396,37,1134,100.5,100.5,0.0,299,285
262,12,396,37,1138,100.5,100.5,0.0,299,276
263,10,396,37,1133,100.5,100.5,0.0,290,290
264,10,396,37,1133,100.5,100.5,0.0,290,290
265,10,396,37,1135,100.5,100.5,-0.7,308,299
266,12,397,37,1138,100.5,100.5,-0.7,304,280
267,10,397,37,1139,100.5,100.5,0.0,304,299
268,12,397,37,1136,100.5,100.5,-0.7,308,290
269,12,397,37,1136,100.5,100.5,-0.7,308,290
270,8,396,37,1141,100.5,100.5,0.0,308,290
271,8,396,37,1141,100.5,100.5,0.0,308,290
272,12,396,37,1139,100.5,100.5,-0.7,285,299
273,12,397,37,1136,100.5,100.5,-0.7,313,299
274,12,396,37,1134,100.5,100.5,-0.7,313,290
275,10,396,37,1138,100.5,100.5,-0.7,304,299
276,10,396,37,1138,100.5,100.5,-0.7,304,299
277,10,396,37,1135,100.5,100.5,-0.7,308,285
278,10,396,37,1135,100.5,100.5,-0.7,308,285
279,10,396,37,1133,100.5,100.5,-0.7,290,280
280,10,396,37,1136,100.5,100.5,-0.7,304,280
281,10,396,37,1137,100.5,100.5,-0.7,304,285
282,12,396,37,1137,100.5,100.5,-0.7,285,276
283,12,396,37,1137,100.5,100.5,-0.7,285,276
284,10,396,37,1133,100.5,100.5,-0.7,285,271
285,10,396,37,1133,100.5,100.5,-0.7,285,271
286,12,396,37,1139,100.5,100.5,-0.7,308,271
287,12,395,37,1139,100.5,100.5,-0.7,304,280
288,10,396,37,1136,100.5,100.5,-0.7,304,271
289,10,396,37,1135,100.5,100.5,-0.7,308,290
290,10,396,37,1139,100.5,100.5,-0.7,308,276
291,10,396,37,1135,100.5,100.5,0.0,299,276
292,10,396,37,1133,100.5,100.5,0.0,299,299
293,10,396,37,1138,100.5,100.5,-0.7,299,276
294,10,396,37,1137,100.5,100.5,-0.7,313,271
295,12,395,37,1135,100.5,100.5,-0.7,313,290
296,14,396,37,1134,100.5,100.5,-0.7,313,280
297,10,396,37,1139,100.5,100.5,0.0,313,271
298,10,396,37,1134,100.5,100.5,-0.7,285,299
299,10,395,37,1126,100.5,100.5,-0.7,285,290
300,12,395,37,1126,100.5,100.5,0.0,313,271
301,10,394,37,1126,100.5,100.5,0.0,304,299
302,12,394,37,1130,100.5,100.5,0.0,304,285
303,10,394,37,1133,100.5,100.5,-0.7,308,276
304,12,394,37,1131,100.5,100.5,-0.7,308,299
305,12,394,37,1135,100.5,100.5,-0.7,304,271
306,12,394,37,1135,100.5,100.5,-0.7,304,271
307,12,394,37,1136,100.5,100.5,-0.7,290,290
308,12,395,37,1132,100.5,100.5,0.0,318,299
309,12,395,37,1138,100.5,100.5,0.0,318,276
310,12,395,37,1140,100.5,100.5,-0.7,318,276
311,12,395,37,1135,100.5,100.5,-0.7,318,290
312,12,395,37,1139,100.5,100.5,-0.7,308,304
313,12,395,37,1139,100.5,100.5,-0.7,308,304
314,12,395,37,1136,100.5,100.5,0.0,308,290
315,12,396,37,1138,100.5,100.5,0.0,322,280
316,10,395,37,1135,100.5,100.5,0.0,322,299
317,12,396,37,1134,100.5,100.5,0.0,304,280
318,12,396,37,1134,100.5,100.5,0.0,304,280
319,14,395,37,1140,100.5,100.5,-0.7,318,299
320,14,395,37,1140,100.5,100.5,-0.7,318,299
321,14,396,37,1139,100.5,100.5,-0.7,322,290
322,12,396,37,1139,100.5,100.5,0.0,322,276
323,12,396,37,1131,100.5,100.5,0.0,322,299
324,12,395,37,1118,100.5,100.5,0.0,318,304
325,12,394,37,1115,100.5,100.5,0.0,318,290
326,12,392,37,1123,100.5,100.5,0.0,313,276
327,14,392,37,1135,100.5,100.5,-0.7,313,308
328,12,392,37,1135,100.5,100.5,-0.7,313,299
329,14,392,37,1138,100.5,100.5,-0.7,304,280
330,14,393,37,1139,100.5,100.5,-0.7,304,313
331,14,393,37,1140,100.5,100.5,-0.7,308,304
332,14,393,37,1138,100.5,100.5,0.0,308,285
333,14,393,37,1138,100.5,100.5,0.0,318,308
334,14,393,37,1143,100.5,100.5,0.0,318,313
335,14,393,37,1137,100.5,100.5,-0.7,332,299
336,14,393,37,1139,100.5,100.5,-0.7,322,299
337,14,394,37,1139,100.5,100.5,-0.7,322,313
338,14,393,37,1136,100.5,100.5,-0.7,327,304
339,14,393,37,1141,100.5,100.5,0.0,327,318
340,16,394,37,1135,100.5,100.5,-0.7,340,308
341,16,394,37,1135,100.5,100.5,-0.7,340,308
342,14,393,37,1138,100.5,100.5,-0.7,336,322
343,16,393,37,1135,100.5,100.5,-0.7,332,318
344,16,394,37,1136,100.5,100.5,-0.7,332,313
345,16,393,37,1138,100.5,100.5,0.0,340,313
346,14,393,37,1133,100.5,100.5,-0.7,340,308
347,14,394,37,1138,100.5,100.5,-0.7,336,318
348,14,394,37,1138,100.5,100.5,-0.7,336,318
349,14,394,37,1136,100.5,100.5,-0.7,332,332
350,16,394,37,1138,100.5,100.5,-0.7,336,318
351,14,393,37,1131,100.5,100.5,0.0,336,308
352,14,393,37,1135,100.5,100.5,-0.7,336,322
353,14,393,37,1135,100.5,100.5,-0.7,336,322
354,14,394,37,1136,100.5,100.5,-0.7,340,308
355,14,394,37,1136,100.5,100.5,-0.7,340,308
356,16,394,37,1142,100.5,100.5,-0.7,340,336
357,14,394,37,1140,100.5,100.5,-0.7,340,313
358,16,395,37,1137,100.5,100.5,-0.7,340,327
359,12,395,37,1138,100.5,100.5,0.0,336,332
360,14,395,37,1145,100.5,100.5,0.0,336,327
361,14,396,37,1151,100.5,100.5,-0.7,363,313
362,14,396,37,1151,100.5,100.5,-0.7,363,313
363,14,397,37,1151,100.5,100.5,0.0,340,332
364,14,397,37,1147,100.5,100.5,0.0,354,322
365,14,398,37,1154,100.5,100.5,-0.7,354,318
366,14,398,37,1158,100.5,100.5,-0.7,345,332
367,12,399,37,1149,100.5,100.5,0.0,345,322
368,12,399,37,1143,100.5,100.5,-0.7,354,336
369,12,399,37,1143,100.5,100.5,-0.7,354,336
370,12,399,37,1145,100.5,100.5,-0.7,349,313
371,12,398,37,1141,100.5,100.5,0.0,332,308
372,12,398,37,1142,100.5,100.5,-0.7,332,327
373,12,398,37,1136,100.5,100.5,0.0,349,318
374,12,398,37,1137,100.5,100.5,0.0,349,332
375,12,398,37,1136,100.5,100.5,-0.7,349,313
376,12,398,37,1136,100.5,100.5,-0.7,349,313
377,10,398,37,1141,100.5,100.5,-0.7,340,318
378,12,398,37,1138,100.5,100.5,-0.7,322,308
379,8,398,38,1141,100.5,100.5,0.1,322,299
380,10,398,37,1136,100.5,100.5,0.0,336,322
381,10,398,37,1138,100.5,100.5,-0.7,336,313
382,8,398,37,1140,100.5,100.5,-0.7,322,304
383,8,398,37,1140,100.5,100.5,-0.7,322,304
384,12,398,37,1135,100.5,100.5,-0.7,327,290
385,10,397,37,1136,100.5,100.5,0.0,327,308
386,10,397,37,1130,100.5,100.5,0.0,327,290
387,10,397,37,1135,100.5,100.5,0.0,336,308
388,10,397,36,1132,100.5,100.5,0.0,336,308
389,10,396,37,1132,100.5,100.5,0.0,308,308
390,10,396,37,1130,100.5,100.5,0.0,308,313
391,10,396,37,1125,100.5,100.5,-0.7,318,304
392,12,396,37,1129,100.5,100.5,-0.7,332,290
393,10,396,37,1127,100.5,100.5,-0.7,332,304
394,10,395,37,1128,100.5,100.5,-0.7,322,304
395,10,395,37,1126,100.5,100.5,0.0,322,308
396,10,395,37,1130,100.5,100.5,0.0,308,299
397,10,395,35,1129,100.5,100.5,0.0,308,304
398,10,395,35,1119,100.5,100.5,0.0,327,290
399,10,395,36,1117,100.5,100.5,0.0,313,299
400,8,394,35,1107,100.5,100.5,0.0,313,304
401,8,393,35,1108,100.5,100.5,-0.7,299,276
402,10,392,35,1097,100.5,100.5,-0.7,299,299
403,10,391,35,1101,100.5,100.5,0.1,322,299
404,8,390,34,1097,100.5,100.5,-0.7,322,290
405,10,389,35,1098,100.5,100.5,0.0,304,276
406,10,389,34,1099,100.5,100.5,0.0,322,299
407,10,389,35,1102,100.5,100.5,-0.7,322,276
408,10,390,35,1099,100.5,100.5,-0.7,304,285
409,12,389,35,1104,100.5,100.5,-0.7,304,290
410,10,390,35,1100,100.5,100.5,-0.7,290,271
411,8,390,35,1104,100.5,100.5,0.0,290,280
412,10,389,35,1103,100.5,100.5,0.0,299,285
413,10,390,35,1105,100.5,100.5,0.1,299,290
414,8,390,34,1102,100.5,100.5,-0.7,299,271
415,10,389,35,1105,100.5,100.5,-0.7,308,266
416,10,390,34,1103,100.5,100.5,0.0,308,285
417,8,390,35,1103,100.5,100.5,0.0,308,290
418,8,390,34,1101,100.5,100.5,0.0,308,266
419,10,390,35,1104,100.5,100.5,0.0,299,280
420,8,390,35,1100,100.5,100.5,0.0,280,271
421,10,389,35,1105,100.5,100.5,0.0,280,290
422,10,390,35,1099,100.5,100.5,0.0,290,276
423,10,389,35,1101,100.5,100.5,-0.7,290,280
424,10,389,35,1102,100.5,100.5,-0.7,308,266
425,8,389,35,1102,100.5,100.5,-0.7,308,290
426,8,389,35,1104,100.5,100.5,0.0,280,276
427,10,390,35,1099,100.5,100.5,-0.7,290,271
428,8,390,35,1104,100.5,100.5,-0.7,290,280
429,8,389,35,1098,100.5,100.5,-0.7,308,262
430,10,389,34,1101,100.5,100.5,-0.7,308,280
431,8,390,35,1099,100.5,100.5,0.0,280,276
432,8,389,35,1102,100.5,100.5,0.0,280,262
433,8,390,35,1105,100.5,100.5,-0.7,285,271
434,10,390,34,1100,100.5,100.5,-0.7,304,271
435,10,389,34,1100,100.5,100.5,-0.7,304,266
436,12,389,35,1099,100.5,100.5,-0.7,304,266
437,8,389,35,1093,100.5,100.5,0.0,304,276
438,8,388,35,1093,100.5,100.5,0.0,285,257
439,10,388,35,1092,100.5,100.5,0.0,308,257
440,12,388,35,1094,100.5,100.5,-0.7,308,280
441,8,388,35,1098,100.5,100.5,-0.7,308,271
442,8,388,35,1103,100.5,100.5,0.0,308,280
443,8,388,35,1105,100.5,100.5,-0.7,304,262
444,10,389,35,1106,100.5,100.5,-0.7,304,262
445,10,389,35,1106,100.5,100.5,-0.7,290,262
446,12,389,35,1103,100.5,100.5,-0.7,308,266
447,12,389,35,1105,100.5,100.5,-0.7,308,280
448,12,389,35,1105,100.5,100.5,-0.7,308,280
449,8,389,34,1108,100.5,100.5,-0.7,308,285
450,10,390,35,1110,100.5,100.5,0.0,280,266
451,10,390,35,1110,100.5,100.5,0.0,280,266
452,10,391,35,1111,100.5,100.5,0.1,308,285
453,10,391,35,1110,100.5,100.5,-0.7,299,276
454,8,391,35,1107,100.5,100.5,0.0,299,262
455,10,391,35,1104,100.5,100.5,-0.7,280,276
456,8,390,35,1100,100.5,100.5,-0.7,280,266
457,8,390,35,1104,100.5,100.5,-0.7,308,290
458,10,390,35,1104,100.5,100.5,0.0,308,271
459,8,390,35,1104,100.5,100.5,-0.7,280,271
460,10,390,35,1103,100.5,100.5,0.0,285,262
461,8,390,35,1110,100.5,100.5,-0.7,285,280
462,10,390,34,1104,100.5,100.5,-0.7,304,262
463,8,390,35,1106,100.5,100.5,-0.7,304,257
464,8,390,34,1105,100.5,100.5,0.0,280,262
465,10,390,35,1104,100.5,100.5,-0.7,280,271
466,10,390,34,1105,100.5,100.5,0.0,308,280
467,8,390,35,1107,100.5,100.5,0.0,280,257
468,10,390,34,1101,100.5,100.5,-0.7,280,271
469,10,390,34,1102,100.5,100.5,-0.7,280,280
470,8,390,35,1104,100.5,100.5,-0.7,280,266
471,8,390,35,1103,100.5,100.5,-0.7,276,266
472,8,390,34,1100,100.5,100.5,0.0,276,257
473,8,390,34,1099,100.5,100.5,0.0,299,266
474,10,390,35,1099,100.5,100.5,0.0,276,257
475,8,390,34,1100,100.5,100.5,0.1,276,257
476,8,390,35,1097,100.5,100.5,-0.7,280,276
477,8,390,35,1102,100.5,100.5,-0.7,280,262
478,10,390,35,1099,100.5,100.5,-0.7,271,271
479,8,390,35,1105,100.5,100.5,-0.7,271,262
480,10,390,34,1102,100.5,100.5,0.0,276,271
481,8,390,35,1101,100.5,100.5,0.0,299,266
482,8,390,34,1104,100.5,100.5,-0.7,299,271
483,8,390,35,1105,100.5,100.5,-0.7,285,262
484,8,390,34,1099,100.5,100.5,-0.7,285,276
485,8,390,35,1101,100.5,100.5,0.0,280,262
486,10,390,35,1104,100.5,100.5,0.0,280,266
487,8,390,35,1101,100.5,100.5,-0.7,276,266
488,8,390,35,1104,100.5,100.5,-0.7,290,262
489,10,390,34,1104,100.5,100.5,-0.7,290,266
490,8,390,34,1105,100.5,100.5,-0.7,280,271
491,10,390,34,1101,100.5,100.5,-0.7,280,262
492,8,390,35,1104,100.5,100.5,-0.7,280,271
493,8,390,34,1100,100.5,100.5,0.0,280,257
494,8,390,34,1099,100.5,100.5,-0.7,299,266
495,8,391,34,1102,100.5,100.5,-0.7,271,271
496,10,390,35,1101,100.5,100.5,-0.7,271,262
497,10,390,35,1105,100.5,100.5,-0.7,290,262
498,8,390,34,1103,100.5,100.5,-0.7,290,262
499,8,391,34,1100,100.5,100.5,0.0,280,252
500,8,391,35,1102,100.5,100.5,-0.7,280,262
501,8,390,34,1099,100.5,100.5,-0.7,299,252
502,8,390,35,1097,100.5,100.5,-0.7,285,252
503,10,389,35,1100,100.5,100.5,0.0,285,271
504,8,390,34,1099,100.5,100.5,-0.7,290,252
505,8,390,35,1104,100.5,100.5,0.0,290,276
506,10,389,35,1103,100.5,100.5,-0.7,285,262
507,8,390,34,1102,100.5,100.5,-0.7,285,262
508,10,389,35,1102,100.5,100.5,-0.7,266,266
509,10,390,34,1103,100.5,100.5,-0.7,290,257
510,8,390,34,1102,100.5,100.5,-0.7,290,247
511,8,390,34,1099,100.5,100.5,0.0,290,252
512,6,390,35,1105,100.5,100.5,-0.7,290,262
513,8,389,35,1102,100.5,100.5,-0.7,280,262
514,8,390,35,1102,100.5,100.5,-0.7,280,271
515,8,390,35,1101,100.5,100.5,-0.7,276,247
516,8,389,34,1101,100.5,100.5,0.0,290,266
517,8,390,34,1102,100.5,100.5,-0.7,290,252
518,10,390,34,1097,100.5,100.5,-0.7,280,262
519,10,390,34,1099,100.5,100.5,0.0,280,266
520,8,390,34,1093,100.5,100.5,-0.7,271,271
521,12,390,34,1097,100.5,100.5,0.0,271,247
522,6,389,34,1094,100.5,100.5,0.0,290,271
523,8,389,34,1096,100.5,100.5,0.0,266,252
524,10,389,34,1095,100.5,100.5,-0.7,266,262
525,8,389,34,1096,100.5,100.5,-0.7,285,271
526,8,389,34,1098,100.5,100.5,-0.7,285,247
527,10,389,34,1096,100.5,100.5,0.0,276,266
528,10,389,34,1100,100.5,100.5,0.0,276,247
529,8,389,34,1101,100.5,100.5,0.0,276,257
530,8,389,34,1096,100.5,100.5,-0.7,290,262
531,8,390,34,1101,100.5,100.5,-0.7,290,266
532,8,390,34,1098,100.5,100.5,-0.7,280,247
533,8,389,34,1096,100.5,100.5,0.0,280,266
534,8,390,34,1098,100.5,100.5,0.1,280,252
535,8,390,34,1098,100.5,100.5,-0.7,280,252
536,8,389,34,1097,100.5,100.5,-0.7,276,252
537,8,390,34,1095,100.5,100.5,-0.7,271,271
538,10,389,34,1096,100.5,100.5,0.0,271,247
539,8,390,34,1095,100.5,100.5,0.1,276,266
540,8,389,34,1099,100.5,100.5,-0.7,276,247
541,10,390,33,1093,100.5,100.5,-0.7,271,252
542,10,390,33,1091,100.5,100.5,0.0,271,257
543,8,389,33,1084,100.5,100.5,-0.7,266,266
544,8,388,33,1081,100.5,100.5,-0.7,271,271
545,8,388,33,1081,100.5,100.5,-0.7,271,257
546,8,388,33,1082,100.5,100.5,0.0,271,252
547,8,388,33,1082,100.5,100.5,-0.7,271,266
548,8,388,33,1083,100.5,100.5,-0.7,280,257
549,8,388,33,1083,100.5,100.5,-0.7,280,262
550,8,388,33,1085,100.5,100.5,0.0,266,262
551,8,387,33,1083,100.5,100.5,-0.7,285,266
552,8,388,33,1084,100.5,100.5,-0.7,285,262
553,8,388,33,1087,100.5,100.5,0.1,276,242
554,8,387,33,1088,100.5,100.5,-0.7,276,266
555,10,388,30,1081,100.5,100.5,-0.7,266,242
556,10,387,26,1032,100.5,100.5,0.0,266,262
557,8,385,26,996,100.5,100.5,0.0,271,257
558,8,381,26,984,100.5,100.5,0.0,276,257
559,8,378,26,983,100.5,100.5,0.0,276,262
560,6,377,26,982,100.5,100.5,-0.7,276,252
561,6,376,26,988,100.5,100.5,-0.7,276,257
562,6,375,26,988,100.5,100.5,0.0,280,242
563,6,374,26,991,100.5,100.5,0.0,280,247
564,6,374,26,990,100.5,100.5,-0.7,262,237
565,6,374,26,992,100.5,100.5,0.1,257,242
566,6,374,26,991,100.5,100.5,0.0,257,242
567,6,374,26,995,100.5,100.5,0.0,257,242
568,8,374,24,991,100.5,100.5,0.0,257,252
569,6,374,24,970,100.5,100.5,-0.7,276,237
570,6,373,24,963,100.5,100.5,-0.7,276,242
571,4,372,24,966,100.5,100.5,-0.7,262,237
572,4,371,24,965,100.5,100.5,0.1,262,257
573,4,370,24,964,100.5,100.5,0.0,262,242
574,6,370,24,962,100.5,100.5,-0.7,252,233
575,6,370,24,965,100.5,100.5,-0.7,252,237
576,6,369,24,967,100.5,100.5,-0.7,266,228
577,6,369,24,964,100.5,100.5,-0.7,266,252
578,4,369,24,963,100.5,100.5,-0.7,242,242
579,4,369,24,964,100.5,100.5,0.0,252,223
580,4,369,24,964,100.5,100.5,-0.7,252,247
581,4,369,24,965,100.5,100.5,0.0,242,242
582,6,369,24,967,100.5,100.5,0.0,242,237
583,6,369,24,966,100.5,100.5,0.0,237,242
584,4,369,24,964,100.5,100.5,-0.7,237,233
585,4,369,24,966,100.5,100.5,0.1,237,233
586,4,369,24,968,100.5,100.5,-0.7,242,242
587,4,369,24,964,100.5,100.5,-0.7,242,218
588,4,369,24,967,100.5,100.5,-0.7,247,242
589,6,369,24,968,100.5,100.5,-0.7,247,223
590,6,369,24,968,100.5,100.5,-0.7,257,228
591,4,369,24,966,100.5,100.5,-0.7,257,223
592,4,369,24,963,100.5,100.5,0.0,257,228
593,4,369,24,964,100.5,100.5,0.0,252,228
594,6,369,24,964,100.5,100.5,-0.7,252,218
595,4,369,24,968,100.5,100.5,0.0,237,213
596,4,369,24,966,100.5,100.5,0.0,237,218
597,4,369,24,964,100.5,100.5,0.0,237,242
598,6,369,24,965,100.5,100.5,-0.7,237,228
599,4,368,24,967,100.5,100.5,-0.7,257,228
600,4,369,24,964,100.5,100.5,0.0,233,213
601,4,369,24,966,100.5,100.5,0.0,233,218
602,4,369,24,966,100.5,100.5,-0.7,247,213
603,4,369,24,964,100.5,100.5,-0.7,247,237
604,6,369,24,963,100.5,100.5,-0.7,228,218
605,4,369,24,965,100.5,100.5,-0.7,228,237
606,4,368,24,967,100.5,100.5,-0.7,242,223
607,6,369,24,962,100.5,100.5,0.0,228,218
608,4,368,24,965,100.5,100.5,-0.7,228,223
609,4,368,24,967,100.5,100.5,-0.7,252,218
610,4,368,24,965,100.5,100.5,-0.7,252,228
611,4,369,24,965,100.5,100.5,0.0,228,233
612,4,368,24,966,100.5,100.5,-0.7,252,228
613,4,368,24,966,100.5,100.5,0.0,252,223
614,6,369,24,963,100.5,100.5,-0.7,237,223
615,4,368,24,965,100.5,100.5,-0.7,237,223
616,6,369,24,966,100.5,100.5,-0.7,247,213
617,4,369,24,967,100.5,100.5,-0.7,247,223
618,6,368,24,966,100.5,100.5,-0.7,237,233
619,4,368,24,970,100.5,100.5,-0.7,247,213
620,6,369,24,969,100.5,100.5,-0.7,247,208
621,6,369,24,963,100.5,100.5,0.0,233,208
622,4,369,24,968,100.5,100.5,-0.7,233,213
623,4,369,24,966,100.5,100.5,0.0,247,208
624,6,369,24,967,100.5,100.5,-0.7,247,223
625,6,369,24,967,100.5,100.5,0.0,242,223
626,4,369,24,966,100.5,100.5,-0.7,247,213
627,6,369,24,963,100.5,100.5,0.0,247,218
628,4,369,24,960,100.5,100.5,0.0,252,213
629,4,369,24,962,100.5,100.5,-0.7,252,213
630,6,369,24,964,100.5,100.5,-0.7,237,223
631,4,368,24,963,100.5,100.5,-0.7,237,208
632,6,368,24,966,100.5,100.5,-0.7,228,233
633,4,368,24,966,100.5,100.5,-0.7,242,218
634,6,369,15,909,100.5,100.5,-0.7,242,218
635,6,364,15,852,100.5,100.5,0.0,223,233
636,4,358,0,804,100.5,100.5,0.0,223,218
637,8,356,0,759,100.5,100.5,-0.7,242,218
638,4,346,0,717,100.5,100.5,0.0,242,208
639,6,322,0,681,100.5,100.5,0.0,242,223
640,4,307,0,653,100.5,100.5,0.0,223,208
641,6,294,0,628,100.5,100.5,0.0,223,208
642,6,278,0,626,100.5,100.5,-0.7,213,199
643,4,271,0,648,100.5,100.5,-0.7,213,213
644,4,267,0,651,100.5,100.5,0.0,208,218
645,4,267,0,652,100.5,100.5,-0.7,208,204
646,4,265,0,657,100.5,100.5,0.0,218,194
647,4,263,0,654,100.5,100.5,0.1,218,213
648,4,261,0,653,100.5,100.5,-0.7,218,189
649,4,260,0,654,100.5,100.5,-0.7,213,204
650,2,260,0,654,100.5,100.5,-0.7,213,199
651,2,259,0,649,100.5,100.5,-0.7,208,199
652,4,258,0,649,101.0,100.5,-0.7,208,204
653,2,258,0,649,100.5,100.5,0.0,218,189
654,4,257,0,647,100.5,100.5,0.0,199,184
655,2,257,0,650,100.5,100.5,-0.7,199,184
656,4,256,0,654,100.5,100.5,0.0,213,194
657,2,256,0,649,100.5,100.5,-0.7,213,179
658,2,256,0,648,100.5,100.5,0.0,194,189
659,2,256,0,654,100.5,100.5,0.0,194,179
660,2,258,0,655,100.5,100.5,-0.7,194,179
661,2,257,0,651,100.5,100.5,0.0,204,179
662,2,258,0,652,100.5,100.5,-0.7,204,189
663,2,259,0,656,100.5,100.5,-0.7,204,179
664,2,259,0,653,100.5,100.5,0.0,204,184
665,2,259,0,652,100.5,100.5,0.0,213,184
666,2,260,0,652,100.5,100.5,-0.7,213,194
667,2,260,0,654,101.0,100.5,-0.7,208,184
668,2,260,0,651,101.0,100.5,0.0,194,184
669,2,261,0,652,100.5,100.5,-0.7,194,169
670,2,260,0,651,101.0,100.5,0.0,184,179
671,0,261,0,652,100.5,100.5,-0.7,184,194
672,0,260,0,649,100.5,100.5,0.0,189,184
673,4,260,0,652,100.5,100.5,0.0,189,174
674,2,261,0,653,100.5,100.5,-0.7,199,164
675,2,258,14,663,100.5,100.5,0.0,184,174
676,0,262,24,788,100.5,100.5,-0.7,184,184
677,0,286,15,873,100.5,100.5,-0.7,194,159
678,0,307,15,854,100.5,100.5,0.0,194,164
679,2,318,15,845,100.5,100.5,-0.7,208,184
680,2,325,15,840,100.5,100.5,0.0,208,189
681,2,327,15,839,100.5,100.5,-0.7,194,179
682,0,332,15,838,100.5,100.5,0.0,189,164
683,2,338,15,842,100.5,100.5,0.0,189,184
684,0,340,15,842,100.5,100.5,-0.7,184,174
685,0,341,15,847,100.5,100.5,0.0,184,174
686,0,342,15,845,100.5,100.5,-0.7,194,184
687,2,344,20,863,100.5,100.5,0.0,194,174
688,0,348,20,910,100.5,100.5,-0.7,194,179
689,0,353,20,924,100.5,100.5,0.0,189,164
690,0,357,23,951,100.5,100.5,-0.7,189,179
691,0,361,23,970,100.5,100.5,-0.7,204,174
692,0,364,23,966,100.5,100.5,0.0,204,184
693,2,364,23,960,100.5,100.5,0.0,194,169
694,0,366,23,960,100.5,100.5,-0.7,194,159
695,2,367,23,957,100.5,100.5,0.0,179,164
696,2,368,23,955,100.5,100.5,-0.7,194,159
697,0,369,23,952,100.5,100.5,-0.7,194,179
698,2,368,23,954,100.5,100.5,-0.7,184,169
699,0,368,23,955,100.5,100.5,0.0,184,154
700,2,369,23,954,100.5,100.5,0.0,199,169
701,0,369,23,953,100.5,100.5,-0.7,199,174
702,2,369,23,955,100.5,100.5,-0.7,189,164
703,2,369,23,953,100.5,100.5,0.0,184,164
704,0,368,23,952,100.5,100.5,-0.7,184,159
705,2,369,23,949,100.5,100.5,0.0,179,159
706,2,368,23,953,100.5,100.5,-0.7,179,164
707,2,368,23,951,100.5,100.5,-0.7,179,159
708,2,369,23,950,100.5,100.5,0.0,179,164
709,2,369,23,952,100.5,100.5,-0.7,179,164
710,2,368,23,954,100.5,100.5,0.0,184,154
711,2,368,23,953,100.5,100.5,-0.7,184,174
712,0,368,23,952,100.5,100.5,-0.7,184,179
713,2,368,23,951,100.5,100.5,0.0,184,154
714,2,368,23,951,100.5,100.5,-0.7,184,159
715,2,368,23,948,100.5,100.5,-0.7,179,174
716,2,367,23,948,100.5,100.5,-0.7,179,169
717,2,367,23,949,100.5,100.5,0.0,184,154
718,0,367,23,947,100.5,100.5,-0.7,184,169
719,2,366,23,952,100.5,100.5,0.0,194,164
720,4,366,23,951,100.5,100.5,-0.7,194,164
721,2,366,23,947,100.5,100.5,0.0,199,164
722,2,366,23,948,100.5,100.5,-0.7,204,169
723,2,366,23,949,100.5,100.5,0.0,204,154
724,2,366,23,949,100.5,100.5,-0.7,194,174
725,2,366,23,947,100.5,100.5,0.0,194,159
726,2,365,23,944,100.5,100.5,-0.7,194,159
727,4,364,23,934,100.5,100.5,0.0,194,184
728,4,364,23,938,100.5,100.5,0.0,189,184
729,2,364,23,940,100.5,100.5,0.0,189,169
730,2,363,23,945,100.5,100.5,0.0,189,174
731,4,364,23,948,100.5,100.5,-0.7,208,164
732,4,364,23,952,100.5,100.5,0.0,208,179
733,4,364,23,954,100.5,100.5,-0.7,208,179
734,2,364,23,949,100.5,100.5,-0.7,208,164
735,4,365,23,953,100.5,100.5,-0.7,213,174
736,4,364,28,955,100.5,100.5,0.0,204,179
737,4,363,29,999,100.5,100.5,-0.7,204,179
738,4,365,29,1031,100.5,100.5,-0.8,218,174
739,4,368,30,1048,100.5,100.5,0.0,218,174
740,6,373,29,1052,100.5,100.5,-0.7,213,189
741,6,373,29,1052,100.5,100.5,-0.7,213,189
742,6,375,29,1046,100.5,100.5,-0.7,208,189
743,6,376,30,1044,100.5,100.5,0.0,218,184
744,4,377,29,1037,100.5,100.5,0.0,218,204
745,6,377,29,1040,100.5,100.5,0.0,233,199
746,4,378,30,1036,100.5,100.5,0.0,233,204
747,6,378,30,1032,100.5,100.5,-0.7,228,213
748,6,377,29,1028,100.5,100.5,-0.7,228,208
749,4,378,29,1029,100.5,100.5,0.0,233,213
750,8,377,30,1025,100.5,100.5,-0.7,233,204
751,6,377,30,1028,100.5,100.5,0.0,233,208
752,8,376,30,1034,100.5,100.5,-0.7,233,213
753,6,376,29,1034,100.5,100.5,0.0,233,204
754,6,377,29,1036,100.5,100.5,0.0,242,213
755,8,377,30,1034,100.5,100.5,-0.7,242,213
756,8,378,29,1036,100.5,100.5,-0.7,252,213
757,6,378,29,1036,100.5,100.5,0.0,252,213
758,8,378,29,1036,100.5,100.5,-0.7,252,228
759,6,378,30,1036,100.5,100.5,-0.7,233,223
760,6,378,29,1036,100.5,100.5,-0.7,233,218
761,6,378,30,1039,100.5,100.5,-0.7,257,237
762,8,379,30,1041,100.5,100.5,0.0,257,233
763,6,378,30,1039,100.5,100.5,-0.7,242,233
764,8,378,29,1034,100.5,100.5,-0.7,247,228
765,6,378,30,1039,100.5,100.5,0.0,247,218
766,6,378,29,1039,100.5,100.5,-0.7,247,237
767,6,379,30,1037,100.5,100.5,-0.7,247,233
768,6,379,30,1036,100.5,100.5,-0.7,262,242
769,8,379,30,1039,100.5,100.5,0.0,262,228
770,6,379,30,1040,100.5,100.5,-0.7,252,242
771,6,379,30,1036,100.5,100.5,0.0,252,228
772,6,378,30,1035,100.5,100.5,-0.7,252,237
773,6,379,29,1031,100.5,100.5,0.0,252,233
774,6,379,29,1032,100.5,100.5,-0.7,252,237
775,6,379,29,1028,100.5,100.5,0.0,247,247
776,6,379,30,1029,100.5,100.5,-0.7,247,237
777,8,379,29,1033,100.5,100.5,0.0,257,223
778,6,378,29,1034,100.5,100.5,-0.7,262,228
779,6,378,30,1034,100.5,100.5,-0.7,262,233
780,6,379,29,1032,100.5,100.5,-0.7,252,237
781,6,379,30,1036,100.5,100.5,-0.7,252,237
782,6,378,29,1035,100.5,100.5,-0.7,266,247
783,6,379,30,1031,100.5,100.5,-0.7,266,252
784,4,378,30,1031,100.5,100.5,0.0,257,242
785,6,378,30,1033,100.5,100.5,0.0,257,228
786,6,379,30,1033,100.5,100.5,0.0,257,242
787,6,379,29,1032,100.5,100.5,0.0,247,242
788,6,379,29,1033,100.5,100.5,-0.7,247,228
789,4,379,29,1033,100.5,100.5,-0.7,252,228
790,4,379,29,1031,100.5,100.5,-0.7,252,242
791,8,378,29,1030,100.5,100.5,0.1,266,228
792,6,379,30,1032,100.5,100.5,-0.7,266,237
793,8,378,29,1034,100.5,100.5,-0.7,266,228
794,6,379,29,1033,100.5,100.5,-0.7,257,228
795,6,379,30,1031,100.5,100.5,-0.7,257,233
796,6,379,30,1035,100.5,100.5,-0.7,242,242
797,8,379,30,1036,100.5,100.5,-0.7,242,233
798,6,379,29,1034,100.5,100.5,0.0,257,242
799,8,379,30,1033,100.5,100.5,0.0,252,242
800,6,379,30,1031,100.5,100.5,-0.7,252,242
801,6,378,30,1037,100.5,100.5,0.0,252,247
802,4,379,29,1032,100.5,100.5,0.1,252,242
803,6,378,29,1031,100.5,100.5,-0.7,247,252
804,6,379,30,1034,100.5,100.5,-0.7,247,237
805,6,378,30,1035,100.5,100.5,-0.7,247,237
806,6,379,30,1035,100.5,100.5,0.0,266,247
807,6,378,29,1036,100.5,100.5,0.0,266,247
808,6,379,30,1033,100.5,100.5,-0.7,252,257
809,6,379,29,1035,100.5,100.5,0.0,252,228
810,6,379,29,1032,100.5,100.5,-0.7,266,233
811,6,379,29,1030,100.5,100.5,-0.7,266,233
812,6,379,30,1034,100.5,100.5,-0.7,271,257
813,6,379,29,1035,100.5,100.5,0.0,257,237
814,8,378,30,1033,100.5,100.5,-0.7,257,247
815,6,378,30,1030,100.5,100.5,-0.7,262,257
816,6,379,29,1035,100.5,100.5,-0.7,262,257
817,6,379,30,1035,100.5,100.5,-0.7,252,257
818,6,379,29,1034,100.5,100.5,0.0,252,237
819,6,379,30,1031,100.5,100.5,-0.7,271,237
820,4,378,29,1035,100.5,100.5,0.1,262,257
821,6,378,29,1036,100.5,100.5,-0.7,262,252
822,6,378,30,1033,100.5,100.5,-0.7,266,247
823,6,379,30,1032,100.5,100.5,0.0,266,233
824,6,379,30,1035,100.5,100.5,-0.7,257,242
825,6,379,30,1034,100.5,100.5,0.0,257,233
826,6,379,29,1034,100.5,100.5,-0.7,247,237
827,6,379,29,1034,100.5,100.5,-0.7,252,252
828,6,379,30,1034,100.5,100.5,-0.7,252,247
829,6,379,30,1034,100.5,100.5,0.0,257,247
830,6,379,31,1041,100.5,100.5,-0.7,257,247
831,4,379,31,1045,100.5,100.5,-0.7,247,237
832,6,379,31,1053,100.5,100.5,-0.7,247,247
833,4,380,31,1053,100.5,100.5,0.0,247,252
834,6,380,32,1059,100.5,100.5,-0.7,262,237
835,6,381,32,1066,100.5,100.5,-0.7,262,237
836,6,382,32,1070,100.5,100.5,-0.7,262,262
837,8,382,32,1076,100.5,100.5,-0.7,262,247
838,6,383,32,1077,100.5,100.5,0.0,271,237
839,6,384,32,1076,100.5,100.5,-0.7,271,242
840,6,384,32,1078,100.5,100.5,-0.7,276,237
841,6,384,33,1078,100.5,100.5,-0.7,276,257
842,6,385,32,1076,100.5,100.5,-0.7,276,262
843,6,385,32,1077,100.5,100.5,-0.7,252,237
844,6,385,32,1075,100.5,100.5,-0.7,252,237
845,6,385,32,1075,100.5,100.5,-0.7,262,257
846,6,385,32,1079,100.5,100.5,0.0,262,252
847,6,385,32,1079,100.5,100.5,-0.7,266,247
848,8,385,32,1075,100.5,100.5,0.0,280,252
849,6,385,32,1076,100.5,100.5,-0.7,280,257
850,8,385,33,1073,100.5,100.5,-0.7,262,247
851,8,385,32,1076,100.5,100.5,0.0,262,252
852,6,385,32,1075,100.5,100.5,0.0,266,242
853,6,385,32,1073,100.5,100.5,0.0,266,242
854,6,385,32,1072,100.5,100.5,0.0,266,247
855,8,385,33,1077,100.5,100.5,-0.7,266,247
856,6,385,33,1075,100.5,100.5,-0.7,266,262
857,6,386,32,1075,100.5,100.5,-0.7,276,237
858,6,385,33,1078,100.5,100.5,-0.7,276,247
859,6,385,32,1078,100.5,100.5,0.0,280,252
860,6,385,32,1078,100.5,100.5,-0.7,280,257
861,6,385,32,1078,100.5,100.5,-0.7,271,252
862,8,385,33,1077,100.5,100.5,-0.7,271,252
863,8,385,32,1077,100.5,100.5,-0.7,266,262
864,8,385,32,1076,100.5,100.5,0.0,266,262
865,6,385,33,1077,100.5,100.5,0.0,276,262
866,8,385,32,1074,100.5,100.5,0.1,276,252
867,8,386,32,1076,100.5,100.5,-0.7,262,266
868,8,385,33,1071,100.5,100.5,-0.7,271,247
869,8,385,33,1071,100.5,100.5,-0.7,271,247
870,6,385,32,1071,100.5,100.5,-0.7,266,257
871,8,385,32,1074,100.5,100.5,-0.7,266,266
872,8,385,33,1073,100.5,100.5,0.0,276,252
873,8,385,33,1073,100.5,100.5,0.0,276,252
874,6,386,32,1077,100.5,100.5,-0.7,280,242
875,8,386,32,1083,100.5,100.5,-0.7,262,252
876,8,386,32,1082,100.5,100.5,0.0,262,252
877,6,386,32,1083,100.5,100.5,-0.7,285,242
878,6,386,32,1078,100.5,100.5,-0.7,285,247
879,6,386,32,1080,100.5,100.5,-0.7,276,257
880,6,386,33,1077,100.5,100.5,-0.7,276,252
881,8,386,32,1080,100.5,100.5,0.0,280,237
882,6,386,32,1074,100.5,100.5,-0.7,276,242
883,6,386,32,1073,100.5,100.5,0.0,276,262
884,6,386,33,1075,100.5,100.5,0.0,271,252
885,6,386,32,1079,100.5,100.5,-0.7,271,242
886,8,386,32,1077,100.5,100.5,-0.7,276,247
887,6,386,32,1075,100.5,100.5,-0.7,276,242
888,6,386,32,1074,100.5,100.5,-0.7,262,252
889,6,385,32,1072,100.5,100.5,0.0,276,247
890,6,385,32,1073,100.5,100.5,0.0,276,237
891,6,385,32,1071,100.5,100.5,-0.7,271,237
892,6,385,32,1069,100.5,100.5,-0.7,271,262
893,6,385,32,1069,100.5,100.5,0.0,262,237
894,6,384,32,1075,100.5,100.5,-0.7,262,247
895,6,385,32,1072,100.5,100.5,-0.7,266,257
896,6,385,32,1073,100.5,100.5,0.0,257,257
897,8,385,32,1075,100.5,100.5,-0.7,257,237
898,8,385,32,1076,100.5,100.5,-0.7,262,262
899,6,385,33,1074,100.5,100.5,-0.7,262,262
900,6,385,33,1071,100.5,100.5,-0.7,257,262
901,6,386,32,1072,100.5,100.5,0.0,257,257
902,8,385,32,1077,100.5,100.5,-0.7,252,247
903,6,385,32,1079,100.5,100.5,-0.7,280,257
904,6,385,33,1075,100.5,100.5,-0.7,280,257
905,8,386,32,1073,100.5,100.5,-0.7,252,242
906,6,386,32,1073,100.5,100.5,-0.7,252,237
907,6,385,33,1074,100.5,100.5,-0.7,257,257
908,6,386,32,1077,100.5,100.5,0.0,257,252
909,6,386,32,1074,100.5,100.5,0.0,262,262
910,8,385,33,1072,100.5,100.5,-0.7,276,242
911,8,385,33,1076,100.5,100.5,-0.7,276,252
912,6,385,32,1077,100.5,100.5,-0.7,266,252
913,8,385,33,1075,100.5,100.5,-0.7,266,247
914,8,385,32,1072,100.5,100.5,0.0,257,242
915,6,385,32,1074,100.5,100.5,0.1,257,262
916,6,385,32,1075,100.5,100.5,-0.7,257,237
917,4,385,32,1078,100.5,100.5,0.0,262,242
918,6,385,33,1075,100.5,100.5,-0.7,262,257
919,6,386,32,1076,100.5,100.5,-0.7,271,257
920,8,385,32,1073,100.5,100.5,-0.7,271,252
921,6,385,32,1076,100.5,100.5,0.0,266,242
922,6,385,32,1076,100.5,100.5,0.0,266,242
923,8,386,33,1075,100.5,100.5,-0.7,276,252
924,6,386,32,1077,100.5,100.5,-0.7,252,247
925,6,386,32,1077,100.5,100.5,-0.7,252,247
926,6,386,32,1073,100.5,100.5,-0.7,257,257
927,6,386,32,1077,100.5,100.5,-0.7,257,252
928,6,386,33,1082,100.5,100.5,0.0,262,237
929,6,386,33,1078,100.5,100.5,-0.7,262,237
930,6,386,33,1077,100.5,100.5,-0.7,276,252
931,6,386,33,1071,100.5,100.5,-0.7,276,252
932,6,386,33,1073,100.5,100.5,-0.7,276,252
933,6,385,33,1076,100.5,100.5,-0.7,257,257
934,6,385,32,1077,100.5,100.5,-0.7,257,247
935,6,386,32,1070,100.5,100.5,-0.7,280,242
936,6,386,32,1072,100.5,100.5,0.0,280,262
937,6,385,32,1076,100.5,100.5,0.0,262,262
938,6,385,32,1077,100.5,100.5,0.0,271,257
939,6,386,32,1074,100.5,100.5,0.0,271,247
940,6,386,32,1072,100.5,100.5,0.0,257,237
941,6,386,32,1074,100.5,100.5,-0.7,257,252
942,6,385,32,1077,100.5,100.5,-0.7,252,252
943,8,385,32,1079,100.5,100.5,-0.7,252,252
944,6,385,32,1076,100.5,100.5,-0.7,280,252
945,6,386,33,1078,100.5,100.5,0.0,271,237
946,6,386,32,1079,100.5,100.5,-0.7,271,247
947,6,386,32,1076,100.5,100.5,0.0,257,242
948,8,386,32,1073,100.5,100.5,-0.7,257,247
949,6,386,33,1074,100.5,100.5,-0.7,257,247
950,6,386,32,1078,100.5,100.5,-0.7,257,257
951,6,386,32,1076,100.5,100.5,-0.7,276,242
952,6,386,32,1071,100.5,100.5,0.0,276,252
953,6,387,32,1073,100.5,100.5,-0.7,276,247
954,4,387,33,1076,100.5,100.5,-0.7,271,257
955,4,386,32,1078,100.5,100.5,0.0,271,252
956,6,386,32,1072,100.5,100.5,0.0,252,252
957,6,386,32,1071,100.5,100.5,-0.7,252,247
958,6,386,33,1077,100.5,100.5,-0.7,266,242
959,8,386,32,1076,100.5,100.5,-0.7,252,237
960,6,386,32,1070,100.5,100.5,0.1,252,257
961,4,385,32,1072,100.5,100.5,0.0,252,247
962,6,385,32,1070,100.5,100.5,0.0,252,247
963,4,385,32,1071,100.5,100.5,0.0,252,242
964,6,385,32,1075,100.5,100.5,-0.7,252,237
965,6,386,32,1076,100.5,100.5,0.0,266,237
966,4,385,33,1075,100.5,100.5,-0.7,271,257
967,4,385,32,1071,100.5,100.5,-0.7,271,242
968,6,386,32,1076,100.5,100.5,-0.7,252,257
969,4,386,33,1079,100.5,100.5,0.0,252,237
970,6,386,33,1079,100.5,100.5,-0.7,252,252
971,4,386,32,1076,100.5,100.5,0.0,252,257
972,4,386,32,1079,100.5,100.5,-0.7,266,237
973,6,386,33,1079,100.5,100.5,-0.7,266,233
974,6,386,32,1079,100.5,100.5,-0.7,266,242
975,6,387,32,1074,100.5,100.5,-0.7,271,242
976,6,387,32,1075,100.5,100.5,0.0,271,237
977,6,386,32,1078,100.5,100.5,-0.7,266,257
978,6,386,33,1077,100.5,100.5,-0.7,266,237
979,6,387,32,1076,100.5,100.5,0.0,252,257
980,6,387,33,1073,100.5,100.5,-0.7,276,257
981,6,386,32,1070,100.5,100.5,0.0,276,237
982,6,386,33,1073,100.5,100.5,-0.7,262,237
983,6,386,32,1071,100.5,100.5,-0.7,262,257
984,4,386,33,1071,100.5,100.5,0.1,271,257
985,6,385,32,1071,100.5,100.5,-0.7,271,247
986,6,385,33,1073,100.5,100.5,-0.7,266,257
987,6,385,32,1074,100.5,100.5,-0.7,247,257
988,4,385,33,1075,100.5,100.5,-0.7,247,242
989,6,386,32,1078,100.5,100.5,-0.7,252,252
990,6,386,32,1081,100.5,100.5,-0.7,252,233
991,6,386,32,1079,100.5,100.5,-0.7,252,242
992,6,387,32,1076,100.5,100.5,-0.7,252,247
993,8,387,32,1075,100.5,100.5,-0.7,271,257
994,8,386,32,1070,100.5,100.5,-0.7,252,242
995,6,386,32,1068,100.5,100.5,0.0,252,233
996,6,385,32,1068,100.5,100.5,-0.7,257,242
997,6,385,32,1068,100.5,100.5,0.1,257,237
998,6,385,32,1071,100.5,100.5,0.0,257,242
999,6,385,32,1074,100.5,100.5,0.0,257,242
1000,6,385,33,1073,100.5,100.5,-0.7,276,242
1001,8,386,33,1077,100.5,100.5,0.0,247,257
1002,6,386,32,1076,100.5,100.5,0.0,247,237
1003,8,385,32,1077,100.5,100.5,-0.7,276,252
1004,6,386,33,1081,100.5,100.5,0.0,276,252
1005,8,386,33,1077,100.5,100.5,0.0,252,252
1006,8,386,33,1072,100.5,100.5,-0.7,252,247
1007,8,386,32,1077,100.5,100.5,0.0,262,252
1008,6,386,32,1077,100.5,100.5,0.0,266,257
1009,6,386,32,1083,100.5,100.5,-0.7,266,247
1010,6,386,32,1081,100.5,100.5,-0.7,266,242
1011,6,386,32,1076,100.5,100.5,-0.7,266,257
1012,6,386,33,1074,100.5,100.5,-0.7,252,237
1013,6,386,32,1080,100.5,100.5,0.0,252,237
1014,6,386,32,1078,100.5,100.5,-0.7,266,242
1015,6,386,32,1080,100.5,100.5,0.0,252,257
1016,6,386,32,1073,100.5,100.5,0.0,252,237
1017,8,386,33,1072,100.5,100.5,-0.7,257,233
1018,6,386,32,1072,100.5,100.5,-0.7,257,237
1019,6,386,32,1074,100.5,100.5,-0.7,262,252
1020,6,386,33,1077,100.5,100.5,-0.7,262,252
1021,6,386,33,1075,100.5,100.5,0.0,276,242
1022,6,386,33,1074,100.5,100.5,-0.7,262,237
1023,4,386,32,1080,100.5,100.5,-0.7,262,252
1024,6,386,32,1078,100.5,100.5,0.0,252,237
1025,6,386,32,1078,100.5,100.5,-0.7,252,252
1026,6,387,32,1076,100.5,100.5,0.0,266,247
1027,6,387,32,1072,100.5,100.5,0.0,266,247
1028,4,387,32,1072,100.5,100.5,-0.7,271,247
1029,6,386,33,1075,100.5,100.5,0.0,257,257
1030,6,386,32,1072,100.5,100.5,-0.7,257,233
1031,6,386,32,1074,100.5,100.5,0.0,266,252
1032,4,387,33,1070,100.5,100.5,0.0,266,237
1033,6,386,32,1071,100.5,100.5,-0.7,252,237
1034,6,386,32,1070,100.5,100.5,-0.7,252,233
1035,6,385,32,1068,100.5,100.5,-0.7,266,237
1036,4,385,32,1070,100.5,100.5,-0.7,257,237
1037,6,386,32,1069,100.5,100.5,0.0,257,252
1038,6,385,32,1071,100.5,100.5,0.0,262,242
1039,4,385,32,1074,100.5,100.5,0.0,262,247
1040,6,385,32,1077,100.5,100.5,-0.7,252,247
1041,6,386,33,1074,100.5,100.5,0.0,252,247
1042,6,386,32,1075,100.5,100.5,0.0,276,247
1043,6,386,32,1074,100.5,100.5,-0.7,257,252
1044,4,386,33,1079,100.5,100.5,-0.7,257,252
1045,6,386,32,1077,100.5,100.5,0.0,262,237
1046,6,386,32,1072,100.5,100.5,-0.7,262,237
1047,4,386,33,1074,100.5,100.5,0.1,257,252
1048,6,385,33,1073,100.5,100.5,-0.7,257,242
1049,6,385,33,1074,100.5,100.5,0.0,257,247
1050,8,386,32,1074,100.5,100.5,0.0,266,233
1051,6,386,33,1075,100.5,100.5,0.0,266,252
1052,6,386,33,1074,100.5,100.5,0.1,276,233
1053,6,386,33,1076,100.5,100.5,-0.7,276,237
1054,6,386,33,1076,100.5,100.5,-0.7,252,233
1055,6,386,32,1076,100.5,100.5,0.0,252,247
1056,6,385,32,1076,100.5,100.5,0.0,271,247
1057,6,385,32,1073,100.5,100.5,-0.7,252,233
1058,6,386,33,1073,100.5,100.5,0.0,252,252
1059,6,386,33,1077,100.5,100.5,-0.7,276,233
1060,6,386,33,1078,100.5,100.5,-0.7,276,233
1061,6,386,32,1075,100.5,100.5,-0.7,276,257
1062,8,386,32,1073,100.5,100.5,-0.7,276,257
1063,6,386,33,1075,100.5,100.5,-0.7,276,257
1064,6,386,33,1078,100.5,100.5,-0.7,266,257
1065,8,386,32,1079,100.5,100.5,-0.7,266,247
1066,6,386,32,1076,100.5,100.5,0.0,276,242
1067,8,386,32,1070,100.5,100.5,0.0,276,247
1068,8,386,32,1074,100.5,100.5,-0.7,266,262
1069,8,385,32,1075,100.5,100.5,0.1,266,233
1070,8,385,32,1070,100.5,100.5,-0.7,257,252
1071,8,385,32,1072,100.5,100.5,0.0,271,247
1072,8,385,33,1077,100.5,100.5,-0.7,271,233
1073,6,385,32,1078,100.5,100.5,-0.7,257,252
1074,6,385,32,1072,100.5,100.5,0.0,257,237
1075,8,385,32,1072,100.5,100.5,0.0,262,237
1076,6,386,33,1076,100.5,100.5,0.0,262,252
1077,6,386,32,1082,100.5,100.5,-0.7,271,252
1078,8,386,32,1080,100.5,100.5,-0.7,257,247
1079,6,386,32,1075,100.5,100.5,0.0,257,257
1080,6,386,32,1074,100.5,100.5,0.0,252,252
1081,6,386,32,1072,100.5,100.5,-0.7,252,237
1082,6,386,33,1076,100.5,100.5,0.0,252,252
1083,4,386,32,1076,100.5,100.5,-0.7,252,242
1084,6,386,32,1075,100.5,100.5,-0.7,262,242
1085,6,386,32,1070,100.5,100.5,0.0,271,247
1086,6,385,33,1074,100.5,100.5,-0.7,271,242
1087,6,385,32,1074,100.5,100.5,0.0,257,257
1088,6,385,32,1072,100.5,100.5,-0.7,257,257
1089,6,385,32,1071,100.5,100.5,-0.7,266,237
1090,6,385,33,1075,100.5,100.5,0.0,266,247
1091,8,385,32,1075,100.5,100.5,-0.7,280,252
1092,6,385,32,1073,100.5,100.5,0.0,271,252
1093,6,385,33,1074,100.5,100.5,0.0,271,247
1094,6,385,33,1076,100.5,100.5,-0.7,266,247
1095,6,386,33,1078,100.5,100.5,0.0,266,252
1096,8,386,32,1080,100.5,100.5,-0.7,276,237
1097,6,385,32,1074,100.5,100.5,0.0,276,247
1098,6,385,32,1075,100.5,100.5,-0.7,271,257
1099,6,385,32,1077,100.5,100.5,-0.7,271,257
1100,6,386,33,1072,100.5,100.5,0.0,271,242
1101,6,385,32,1076,100.5,100.5,0.0,271,257
1102,6,386,32,1074,100.5,100.5,0.0,271,247
1103,6,385,32,1072,100.5,100.5,0.1,280,252
1104,6,385,32,1076,100.5,100.5,-0.7,280,262
1105,6,385,33,1079,100.5,100.5,-0.7,276,237
1106,8,385,32,1079,100.5,100.5,0.0,280,242
1107,6,386,32,1079,100.5,100.5,-0.7,280,257
1108,6,385,33,1071,100.5,100.5,0.1,266,252
1109,8,385,33,1068,100.5,100.5,-0.7,266,262
1110,6,384,32,1067,100.5,100.5,-0.7,271,262
1111,6,384,32,1070,100.5,100.5,0.0,271,247
1112,6,385,32,1075,100.5,100.5,-0.7,280,247
1113,6,384,32,1072,100.5,100.5,0.0,262,257
1114,6,385,32,1070,100.5,100.5,-0.7,262,242
1115,6,384,32,1076,100.5,100.5,-0.7,262,247
1116,8,385,33,1077,100.5,100.5,0.1,262,257
1117,8,385,33,1078,100.5,100.5,-0.7,271,247
1118,6,385,33,1079,100.5,100.5,-0.7,271,262
1119,6,385,32,1076,100.5,100.5,0.0,280,237
1120,6,385,33,1075,100.5,100.5,0.0,280,237
1121,6,386,32,1078,100.5,100.5,0.0,280,266
1122,6,386,32,1076,100.5,100.5,-0.7,280,242
1123,8,385,33,1075,100.5,100.5,-0.7,280,262
1124,6,385,33,1071,100.5,100.5,0.0,280,262
1125,8,385,33,1072,100.5,100.5,0.0,280,242
1126,8,385,33,1078,100.5,100.5,0.0,271,242
1127,8,385,33,1081,100.5,100.5,-0.7,271,247
1128,6,385,32,1077,100.5,100.5,-0.7,271,262
1129,8,386,33,1077,100.5,100.5,0.0,276,266
1130,6,385,33,1079,100.5,100.5,0.0,276,247
1131,8,386,32,1076,100.5,100.5,-0.7,262,252
1132,8,386,32,1079,100.5,100.5,0.0,262,242
1133,6,385,32,1073,100.5,100.5,0.0,276,257
1134,6,385,32,1073,100.5,100.5,0.0,285,247
1135,6,385,32,1070,100.5,100.5,-0.7,285,247
1136,8,385,32,1074,100.5,100.5,-0.7,285,242
1137,6,385,32,1077,100.5,100.5,-0.7,285,266
1138,8,385,32,1074,100.5,100.5,-0.7,276,262
1139,8,384,32,1075,100.5,100.5,-0.7,285,247
1140,8,385,32,1079,100.5,100.5,0.0,285,247
1141,6,385,32,1077,100.5,100.5,-0.7,276,247
1142,6,385,33,1076,100.5,100.5,-0.7,276,252
1143,8,385,32,1080,100.5,100.5,0.0,262,262
1144,10,385,32,1079,100.5,100.5,-0.7,262,247
1145,8,385,32,1073,100.5,100.5,-0.7,262,242
1146,6,385,32,1075,100.5,100.5,-0.7,276,237
1147,8,385,32,1073,100.5,100.5,-0.7,276,262
1148,6,385,33,1078,100.5,100.5,0.0,271,242
1149,8,385,32,1077,100.5,100.5,0.0,271,262
1150,8,385,33,1075,100.5,100.5,-0.7,266,242
1151,6,385,33,1078,100.5,100.5,0.0,266,266
1152,6,385,32,1080,100.5,100.5,-0.7,280,262
1153,8,385,32,1079,100.5,100.5,0.1,266,266
1154,6,385,32,1074,100.5,100.5,0.1,266,242
1155,8,385,33,1074,100.5,100.5,-0.7,271,252
1156,6,386,32,1076,100.5,100.5,0.0,271,252
1157,6,386,15,1004,100.5,100.5,0.0,262,252
1158,6,381,15,937,100.5,100.5,-0.7,262,257
1159,6,374,15,884,100.5,100.5,-0.7,280,262
1160,6,373,15,839,100.5,100.5,0.0,257,262
1161,6,365,15,818,100.5,100.5,0.1,257,252
1162,6,356,15,837,100.5,100.5,-0.7,271,247
1163,6,351,15,848,100.5,100.5,0.0,271,247
1164,6,350,15,848,100.5,100.5,0.0,252,257
1165,4,349,15,845,100.5,100.5,-0.7,252,237
1166,4,348,15,849,100.5,100.5,-0.7,247,242
1167,4,347,15,844,100.5,100.5,-0.7,252,247
1168,4,346,15,841,100.5,100.5,0.0,252,228
1169,4,346,15,844,100.5,100.5,-0.7,262,242
1170,2,345,15,848,100.5,100.5,-0.7,262,218
1171,4,345,15,840,100.5,100.5,0.0,247,242
1172,4,344,15,847,100.5,100.5,0.0,247,228
1173,4,344,15,846,100.5,100.5,-0.7,247,223
1174,4,344,15,845,100.5,100.5,0.0,247,213
1175,4,344,15,847,100.5,100.5,0.0,247,228
1176,4,344,15,849,100.5,100.5,-0.7,242,213
1177,2,344,15,843,100.5,100.5,0.1,242,237
1178,2,344,15,847,100.5,100.5,-0.7,233,218
1179,4,344,15,845,100.5,100.5,-0.7,237,218
1180,2,345,15,848,100.5,100.5,0.1,237,228
1181,2,345,15,845,100.5,100.5,0.0,237,228
1182,2,345,15,843,100.5,100.5,0.1,237,233
1183,2,345,15,847,100.5,100.5,-0.7,237,204
1184,2,344,15,847,100.5,100.5,-0.7,237,213
1185,2,344,15,846,100.5,100.5,-0.7,223,204
1186,2,344,15,841,100.5,100.5,-0.7,228,208
1187,0,342,15,837,100.5,100.5,0.0,228,228
1188,2,341,15,838,100.5,100.5,0.0,242,208
1189,2,340,15,840,100.5,100.5,-0.7,242,223
1190,4,340,15,841,100.5,100.5,0.0,247,218
1191,2,341,15,851,100.5,100.5,0.0,247,218
1192,2,341,15,854,100.5,100.5,0.1,233,218
1193,2,342,15,856,100.5,100.5,0.0,223,213
1194,2,343,15,852,100.5,100.5,0.0,223,213
1195,2,343,15,849,100.5,100.5,0.0,223,218
1196,2,343,15,850,100.5,100.5,-0.7,223,208
1197,4,344,15,849,100.5,100.5,-0.7,218,218
1198,2,344,15,843,100.5,100.5,0.0,218,213
1199,4,343,15,846,100.5,100.5,0.0,218,204
1200,2,343,15,841,100.5,100.5,-0.7,237,199
1201,2,342,15,836,100.5,100.5,0.0,237,208
1202,4,341,15,833,100.5,100.5,0.0,223,199
1203,4,340,15,836,100.5,100.5,-0.7,223,218
1204,4,340,15,839,100.5,100.5,0.0,242,218
1205,2,339,15,843,100.5,100.5,0.0,242,204
1206,2,339,15,843,100.5,100.5,-0.7,242,204
1207,2,339,15,842,100.5,100.5,0.0,233,204
1208,4,338,15,844,100.5,100.5,-0.7,233,204
1209,2,336,41,866,100.5,100.5,-0.7,233,213
1210,2,339,50,951,100.5,100.5,-0.7,233,199
1211,4,348,15,953,100.5,100.5,0.0,247,218
1212,6,349,15,870,100.5,100.5,-0.7,247,194
1213,4,350,15,831,100.5,100.5,-0.7,237,213
1214,4,346,15,826,100.5,100.5,0.0,228,204
1215,4,341,15,829,100.5,100.5,0.0,228,204
1216,4,339,15,834,100.5,100.5,-0.7,233,213
1217,4,338,15,839,100.5,100.5,0.0,233,213
1218,2,338,15,840,100.5,100.5,-0.7,242,213
1219,4,338,15,843,100.5,100.5,-0.7,242,218
1220,4,338,15,843,100.5,100.5,0.0,247,223
1221,4,338,15,842,100.5,100.5,0.0,237,213
1222,2,339,15,847,100.5,100.5,0.0,237,208
1223,4,340,15,847,100.5,100.5,0.1,233,213
1224,4,340,15,848,100.5,100.5,0.0,233,223
1225,2,341,22,855,100.5,100.5,-0.7,233,218
1226,4,340,23,917,100.5,100.5,-0.7,233,218
1227,4,348,23,951,100.5,100.5,0.0,233,213
1228,4,349,23,965,100.5,100.5,0.0,247,213
1229,4,357,23,964,100.5,100.5,-0.7,247,218
1230,2,360,23,956,100.5,100.5,0.0,237,213
1231,4,361,23,952,100.5,100.5,0.1,237,223
1232,2,362,23,946,100.5,100.5,-0.7,257,233
1233,4,362,23,946,100.5,100.5,-0.7,257,228
1234,6,363,23,943,100.5,100.5,-0.7,233,233
1235,6,363,23,945,100.5,100.5,0.0,247,208
1236,4,363,23,944,100.5,100.5,-0.7,247,208
1237,4,363,23,947,100.5,100.5,0.0,237,223
1238,4,363,23,943,100.5,100.5,0.0,237,213
1239,4,363,23,944,100.5,100.5,0.0,252,233
1240,6,363,23,947,100.5,100.5,0.0,252,233
1241,4,363,23,944,100.5,100.5,0.1,252,218
1242,4,363,23,947,100.5,100.5,-0.7,262,213
1243,4,363,23,944,100.5,100.5,0.0,262,223
1244,4,363,23,944,100.5,100.5,0.1,247,218
1245,6,363,23,944,100.5,100.5,-0.7,247,237
1246,4,363,23,943,100.5,100.5,0.0,257,228
1247,4,364,14,943,100.5,100.5,-0.7,257,228
1248,4,364,14,875,100.5,100.5,-0.7,262,218
1249,6,361,14,837,100.5,100.5,0.0,237,237
1250,6,351,14,830,100.5,100.5,-0.7,237,228
1251,6,346,14,828,100.5,100.5,0.0,252,233
1252,6,345,14,828,100.5,100.5,0.0,252,233
1253,6,342,14,828,100.5,100.5,-0.7,242,213
1254,4,339,14,829,100.5,100.5,0.0,242,213
1255,6,336,14,835,100.5,100.5,0.0,247,213
1256,4,336,14,837,100.5,100.5,-0.7,237,213
1257,4,336,14,842,100.5,100.5,-0.7,237,237
1258,4,337,14,841,100.5,100.5,-0.7,233,218
1259,6,337,14,839,100.5,100.5,0.0,233,233
1260,4,337,14,834,100.5,100.5,0.0,242,208
1261,4,337,14,836,100.5,100.5,0.0,242,233
1262,4,336,14,834,100.5,100.5,0.0,237,213
1263,4,336,14,843,100.5,100.5,0.0,242,237
1264,6,337,14,842,100.5,100.5,0.0,242,228
1265,2,337,14,841,100.5,100.5,0.1,237,218
1266,4,337,14,837,100.5,100.5,-0.7,237,228
1267,4,337,14,840,100.5,100.5,-0.7,237,208
1268,4,337,14,839,100.5,100.5,-0.7,237,233
1269,2,337,14,840,100.5,100.5,-0.7,242,223
1270,4,336,14,838,100.5,100.5,0.0,233,218
1271,4,337,14,839,100.5,100.5,0.0,233,213
1272,4,337,14,841,100.5,100.5,0.1,252,223
1273,4,337,14,836,100.5,100.5,-0.7,252,218
1274,4,337,14,836,100.5,100.5,0.0,247,218
1275,4,337,14,836,100.5,100.5,0.0,247,208
1276,4,336,14,837,100.5,100.5,-0.7,257,208
1277,4,336,14,840,100.5,100.5,0.0,237,228
1278,2,336,14,840,100.5,100.5,-0.7,237,223
1279,4,336,14,839,100.5,100.5,-0.7,252,233
1280,2,337,14,841,100.5,100.5,0.0,252,228
1281,4,337,14,843,100.5,100.5,-0.7,237,208
1282,4,337,14,840,100.5,100.5,-0.7,237,218
1283,4,338,14,839,100.5,100.5,0.0,237,213
1284,4,338,14,838,100.5,100.5,0.0,237,233
1285,2,337,14,838,100.5,100.5,-0.7,237,213
1286,4,337,14,840,100.5,100.5,0.0,247,213
1287,4,337,14,839,100.5,100.5,-0.7,247,223
1288,4,337,14,839,100.5,100.5,-0.7,237,223
1289,4,337,14,836,100.5,100.5,0.0,237,213
1290,4,337,14,834,100.5,100.5,0.0,242,223
1291,4,336,14,834,100.5,100.5,-0.7,237,208
1292,4,336,14,837,100.5,100.5,0.0,237,233
1293,4,336,14,837,100.5,100.5,-0.7,237,208
1294,4,336,14,837,100.5,100.5,0.0,237,233
1295,4,337,14,838,100.5,100.5,-0.7,252,218
1296,4,336,14,839,100.5,100.5,0.0,252,218
1297,4,337,14,842,100.5,100.5,0.1,247,208
1298,4,337,14,838,100.5,100.5,0.0,252,223
1299,4,336,14,837,100.5,100.5,0.0,252,223
1300,2,337,14,837,100.5,100.5,0.0,237,218
1301,4,337,14,838,100.5,100.5,0.0,237,218
1302,4,336,14,837,100.5,100.5,-0.7,237,218
1303,4,336,14,836,100.5,100.5,-0.7,228,218
1304,4,336,14,836,100.5,100.5,0.0,228,208
1305,4,336,14,838,100.5,100.5,0.1,247,223
1306,4,336,14,840,100.5,100.5,0.0,247,223
1307,4,336,14,839,100.5,100.5,-0.7,247,223
1308,2,336,14,839,100.5,100.5,0.1,247,213
1309,4,336,14,837,100.5,100.5,0.0,237,208
1310,4,336,14,838,100.5,100.5,-0.7,247,223
1311,4,336,14,841,100.5,100.5,0.0,247,218
1312,4,337,14,840,100.5,100.5,0.0,228,218
1313,2,337,14,841,100.5,100.5,-0.7,228,213
1314,2,336,14,839,100.5,100.5,0.1,233,233
1315,4,336,14,837,100.5,100.5,0.0,233,218
1316,2,336,14,837,100.5,100.5,0.0,252,208
1317,6,337,14,839,100.5,100.5,0.0,237,228
1318,4,336,14,837,100.5,100.5,-0.7,237,218
1319,4,336,14,835,100.5,100.5,0.0,252,218
1320,4,336,14,837,100.5,100.5,0.0,252,213
1321,4,336,14,837,100.5,100.5,-0.7,247,233
1322,4,336,14,841,100.5,100.5,-0.7,247,233
1323,4,336,14,840,100.5,100.5,0.0,233,218
1324,4,336,14,839,100.5,100.5,0.0,252,233
1325,4,335,14,836,100.5,100.5,0.1,252,218
1326,4,335,14,837,100.5,100.5,0.0,252,233
1327,4,335,14,838,100.5,100.5,0.0,252,213
1328,4,335,14,837,100.5,100.5,-0.7,228,228
1329,4,336,14,837,100.5,100.5,0.0,228,218
1330,4,336,14,839,100.5,100.5,-0.7,237,213
1331,4,336,14,839,100.5,100.5,0.0,247,233
1332,4,336,14,839,100.5,100.5,0.0,247,208
1333,4,336,14,837,100.5,100.5,-0.7,242,218
1334,4,335,14,838,100.5,100.5,0.1,242,204
1335,4,335,14,835,100.5,100.5,-0.7,252,208
1336,4,335,14,835,100.5,100.5,-0.7,252,208
1337,4,335,14,838,100.5,100.5,0.1,252,208
1338,4,335,14,841,100.5,100.5,0.0,252,213
1339,4,336,14,837,100.5,100.5,0.0,252,213
1340,4,335,14,836,100.5,100.5,0.0,247,228
1341,4,335,19,837,100.5,100.5,0.0,247,218
1342,4,334,28,905,100.5,100.5,0.0,237,213
1343,4,339,28,949,100.5,100.5,0.0,237,228
1344,4,341,28,986,100.5,100.5,0.0,252,233
1345,4,347,28,1057,100.5,100.5,0.0,266,213
1346,4,360,28,1064,100.5,100.5,-0.7,266,218
1347,4,366,28,1044,100.5,100.5,-0.7,257,218
1348,6,367,28,1020,100.5,100.5,0.0,257,218
1349,6,369,28,1005,100.5,100.5,-0.7,262,242
1350,6,370,28,1000,100.5,100.5,0.1,262,242
1351,6,370,28,1000,100.5,100.5,-0.7,257,242
1352,6,370,28,1001,100.5,100.5,0.0,280,247
1353,6,370,28,1005,100.5,100.5,-0.7,280,252
1354,6,370,28,1009,100.5,100.5,-0.7,266,237
1355,6,371,28,1012,100.5,100.5,-0.7,266,242
1356,8,371,15,951,100.5,100.5,-0.7,262,252
1357,8,370,15,867,100.5,100.5,0.0,271,237
1358,6,360,15,842,100.5,100.5,0.0,271,233
1359,8,360,15,832,100.5,100.5,0.1,280,247
1360,6,351,15,831,100.5,100.5,-0.7,280,237
1361,6,346,15,830,100.5,100.5,-0.7,262,257
1362,6,342,15,837,100.5,100.5,0.0,262,252
1363,6,340,15,837,100.5,100.5,0.0,262,237
1364,6,338,15,837,100.5,100.5,0.0,271,252
1365,6,337,15,839,100.5,100.5,0.0,271,247
1366,6,337,15,842,100.5,100.5,-0.7,252,247
1367,6,337,15,843,100.5,100.5,0.0,252,237
1368,6,337,15,844,100.5,100.5,-0.7,271,247
1369,4,337,15,841,100.5,100.5,0.0,271,237
1370,4,337,15,843,100.5,100.5,0.0,271,252
1371,4,337,15,841,100.5,100.5,0.0,271,237
1372,4,337,21,844,100.5,100.5,0.0,271,237
1373,4,335,23,906,100.5,100.5,0.0,262,247
1374,4,337,23,944,100.5,100.5,0.1,262,237
1375,6,343,23,964,100.5,100.5,0.0,262,233
1376,4,349,23,974,100.5,100.5,0.0,262,228
1377,6,353,15,944,100.5,100.5,0.1,285,237
1378,6,358,15,886,100.5,100.5,0.1,266,237
1379,6,354,15,848,100.5,100.5,0.0,266,237
1380,6,349,15,833,100.5,100.5,0.0,262,237
1381,6,344,15,829,100.5,100.5,0.0,262,247
1382,6,340,15,828,100.5,100.5,0.0,262,237
1383,4,337,15,831,100.5,100.5,-0.7,262,252
1384,4,337,15,837,100.5,100.5,0.0,266,252
1385,4,336,15,842,100.5,100.5,0.0,257,247
1386,4,335,15,840,100.5,100.5,0.0,257,228
1387,6,335,15,840,100.5,100.5,0.0,266,237
1388,4,335,15,842,100.5,100.5,0.1,266,233
1389,6,336,15,842,100.5,100.5,-0.7,266,252
1390,6,335,15,843,100.5,100.5,0.1,266,242
1391,6,336,15,845,100.5,100.5,0.0,276,233
1392,6,336,15,846,100.5,100.5,-0.7,271,247
1393,4,336,15,841,100.5,100.5,0.0,271,252
1394,4,336,15,843,100.5,100.5,0.0,271,247
1395,4,336,15,844,100.5,100.5,-0.7,271,242
1396,6,336,15,846,100.5,100.5,0.0,266,242
1397,6,336,15,844,100.5,100.5,0.0,266,233
1398,4,336,15,844,100.5,100.5,0.0,252,228
1399,4,335,15,843,100.5,100.5,-0.7,252,247
1400,4,336,15,846,100.5,100.5,0.0,252,233
1401,6,336,15,843,100.5,100.5,0.0,252,247
1402,4,336,15,840,100.5,100.5,-0.7,252,247
1403,4,336,15,843,100.5,100.5,0.0,252,247
1404,4,336,15,845,100.5,100.5,0.1,252,242
1405,6,336,15,843,100.5,100.5,-0.7,280,247
1406,6,336,15,841,100.5,100.5,0.0,276,242
1407,4,336,15,846,100.5,100.5,0.0,276,252
1408,6,335,15,846,100.5,100.5,0.0,266,237
1409,4,335,15,844,100.5,100.5,-0.7,266,242
1410,4,335,15,841,100.5,100.5,0.0,252,252
1411,4,334,15,847,100.5,100.5,0.1,252,228
1412,4,335,15,844,100.5,100.5,-0.7,262,237
1413,6,335,15,844,100.5,100.5,-0.7,262,233
1414,4,335,15,842,100.5,100.5,-0.7,262,252
1415,6,335,15,844,100.5,100.5,-0.7,257,237
1416,6,335,15,840,100.5,100.5,0.1,257,247
1417,4,335,15,843,100.5,100.5,0.0,257,252
1418,4,336,15,839,100.5,100.5,-0.7,257,233
1419,4,335,15,843,100.5,100.5,-0.7,262,242
1420,4,336,15,845,100.5,100.5,0.0,262,237
1421,4,335,15,841,100.5,100.5,0.0,257,247
1422,4,335,15,841,100.5,100.5,0.0,266,242
1423,4,335,15,842,100.5,100.5,0.0,266,247
1424,4,335,15,843,100.5,100.5,0.1,266,237
1425,6,335,15,842,100.5,100.5,-0.7,266,242
1426,6,336,15,843,100.5,100.5,0.0,276,242
1427,4,335,15,844,100.5,100.5,-0.7,276,237
1428,4,335,15,840,100.5,100.5,-0.7,257,242
1429,4,335,15,843,100.5,100.5,0.0,252,252
1430,4,334,15,841,100.5,100.5,-0.7,252,252
1431,6,334,15,845,100.5,100.5,-0.7,262,247
1432,4,335,15,838,100.5,100.5,0.0,262,247
1433,4,335,15,843,100.5,100.5,0.0,276,228
1434,4,335,15,841,100.5,100.5,-0.7,276,252
1435,6,335,15,845,100.5,100.5,0.0,276,228
1436,4,335,15,843,100.5,100.5,0.0,280,228
1437,4,335,15,843,100.5,100.5,-0.7,280,228
1438,6,335,15,845,100.5,100.5,-0.7,252,237
1439,6,335,15,841,100.5,100.5,0.1,252,252
1440,4,335,15,841,100.5,100.5,0.0,271,237
1441,6,335,15,843,100.5,100.5,0.0,262,252
1442,4,335,15,845,100.5,100.5,0.0,262,242
1443,4,335,15,841,100.5,100.5,0.1,257,237
1444,4,335,15,842,100.5,100.5,0.0,257,237
1445,4,335,15,841,100.5,100.5,0.0,266,247
1446,4,335,15,843,100.5,100.5,0.0,266,242
1447,6,335,15,843,100.5,100.5,-0.7,262,242
1448,4,335,15,845,100.5,100.5,0.0,276,242
1449,6,335,15,841,100.5,100.5,0.1,276,247
1450,6,335,15,846,100.5,100.5,-0.7,262,237
1451,4,335,15,841,100.5,100.5,-0.7,262,237
1452,4,335,15,844,100.5,100.5,0.1,276,247
1453,6,335,15,845,100.5,100.5,-0.7,276,237
1454,4,335,21,847,100.5,100.5,0.0,276,252
1455,4,333,39,910,100.5,100.5,0.0,271,237
1456,6,334,39,975,100.5,100.5,0.0,271,233
1457,4,340,20,1025,100.5,100.5,0.0,266,247
1458,6,351,15,941,100.5,100.5,0.0,266,247
1459,6,354,15,893,100.5,100.5,0.0,271,233
1460,4,354,15,857,100.5,100.5,0.1,271,257
1461,8,352,15,833,100.5,100.5,-0.7,271,252
1462,6,346,15,826,100.5,100.5,-0.7,285,242
1463,6,339,15,829,100.5,100.5,-0.7,285,237
1464,8,336,15,834,100.5,100.5,-0.7,271,247
1465,6,334,15,838,100.5,100.5,0.1,271,252
1466,6,333,15,839,100.5,100.5,0.0,285,242
1467,6,333,15,836,100.5,100.5,-0.7,285,262
1468,6,333,15,843,100.5,100.5,0.0,271,262
1469,6,334,15,845,100.5,100.5,0.0,276,257
1470,6,334,15,843,100.5,100.5,0.0,276,242
1471,4,334,15,839,100.5,100.5,0.1,271,237
1472,6,334,15,846,100.5,100.5,0.0,271,262
1473,6,334,15,845,100.5,100.5,0.0,280,257
1474,6,334,15,844,100.5,100.5,-0.7,280,242
1475,4,334,15,839,100.5,100.5,0.1,280,262
1476,6,334,15,844,100.5,100.5,0.0,280,242
1477,4,333,28,875,100.5,100.5,0.0,280,252
1478,4,333,28,922,100.5,100.5,-0.7,285,237
1479,4,342,28,966,100.5,100.5,0.0,285,242
1480,6,343,28,999,100.5,100.5,0.0,285,242
1481,4,350,28,1041,100.5,100.5,0.0,285,257
1482,6,356,28,1066,100.5,100.5,-0.7,304,247
1483,8,363,28,1049,100.5,100.5,0.0,304,247
1484,6,367,28,1025,100.5,100.5,-0.7,308,271
1485,8,369,28,1013,100.5,100.5,-0.7,280,247
1486,10,369,28,1006,100.5,100.5,-0.7,280,257
1487,10,370,28,1005,100.5,100.5,0.0,299,271
1488,10,370,28,1005,100.5,100.5,-0.7,299,262
1489,8,371,28,1007,100.5,100.5,0.1,290,276
1490,8,370,28,1010,100.5,100.5,0.0,290,271
1491,10,370,28,1013,100.5,100.5,0.1,313,266
1492,10,370,28,1013,100.5,100.5,0.0,313,262
1493,8,370,28,1013,100.5,100.5,0.0,322,276
1494,8,371,28,1015,100.5,100.5,0.1,322,271
1495,10,371,28,1015,100.5,100.5,-0.7,304,280
1496,10,371,28,1015,100.5,100.5,-0.7,304,280
1497,10,372,28,1011,100.5,100.5,0.0,322,271
1498,10,372,28,1013,100.5,100.5,-0.7,322,271
1499,10,372,28,1016,100.5,100.5,0.0,322,276
1500,10,372,28,1013,100.5,100.5,-0.7,318,276
1501,10,372,28,1015,100.5,100.5,0.0,318,299
1502,10,372,28,1013,100.5,100.5,0.1,304,280
1503,10,372,28,1016,100.5,100.5,0.0,304,299
1504,12,372,28,1014,100.5,100.5,-0.7,308,299
1505,10,372,28,1011,100.5,100.5,-0.7,308,280
1506,10,372,28,1014,100.5,100.5,0.0,336,280
1507,12,372,28,1016,100.5,100.5,0.0,336,308
1508,10,372,28,1011,100.5,100.5,-0.7,327,299
1509,10,372,28,1010,100.5,100.5,0.0,336,290
1510,12,372,28,1011,100.5,100.5,0.0,336,299
1511,10,372,28,1015,100.5,100.5,0.1,332,285
1512,10,372,28,1014,100.5,100.5,0.1,332,313
1513,10,372,28,1013,100.5,100.5,-0.7,332,299
1514,10,372,28,1011,100.5,100.5,-0.7,332,299
1515,10,372,28,1013,100.5,100.5,-0.7,322,299
1516,12,372,28,1014,100.5,100.5,-0.7,322,290
1517,10,372,28,1012,100.5,100.5,0.0,318,299
1518,12,372,28,1013,100.5,100.5,0.0,318,313
1519,12,372,28,1013,100.5,100.5,0.0,332,299
1520,10,372,28,1010,100.5,100.5,0.0,318,308
1521,10,372,15,989,100.5,100.5,0.1,318,313
1522,12,369,15,905,100.5,100.5,0.1,327,322
1523,12,364,15,863,100.5,100.5,0.0,327,308
1524,10,357,15,841,100.5,100.5,-0.7,318,290
1525,10,350,15,834,100.5,100.5,0.0,318,304
1526,10,344,15,831,100.5,100.5,-0.7,308,285
1527,10,341,15,834,100.5,100.5,0.0,332,280
1528,8,340,15,839,100.5,100.5,0.1,332,280
1529,6,338,15,839,100.5,100.5,-0.7,304,308
1530,8,336,15,843,100.5,100.5,0.0,304,290
1531,8,336,15,843,100.5,100.5,0.0,299,290
1532,8,336,15,846,100.5,100.5,0.0,322,304
1533,6,336,15,843,100.5,100.5,0.0,322,290
1534,6,336,15,846,100.5,100.5,0.0,313,299
1535,8,336,15,845,100.5,100.5,-0.7,313,299
1536,6,336,15,846,100.5,100.5,-0.7,313,299
1537,6,336,15,845,100.5,100.5,0.0,313,280
1538,6,336,15,845,100.5,100.5,0.0,308,299
1539,8,336,15,846,100.5,100.5,-0.7,308,276
1540,8,336,15,846,100.5,100.5,0.0,313,276
1541,6,336,15,842,100.5,100.5,0.1,290,276
1542,6,335,15,839,100.5,100.5,0.0,290,290
1543,6,335,15,845,100.5,100.5,-0.7,285,271
1544,6,335,15,843,100.5,100.5,0.0,285,290
1545,6,335,15,845,100.5,100.5,0.0,313,280
1546,8,335,15,845,100.5,100.5,-0.7,313,271
1547,6,335,15,846,100.5,100.5,0.0,290,276
1548,8,335,15,845,100.5,100.5,0.0,304,290
1549,8,335,15,848,100.5,100.5,0.0,304,285
1550,6,335,15,843,100.5,100.5,0.1,313,290
1551,6,335,15,846,100.5,100.5,0.0,313,276
1552,6,335,15,846,100.5,100.5,0.0,299,276
1553,6,335,15,847,100.5,100.5,0.0,299,276
1554,8,335,15,843,100.5,100.5,0.0,299,266
1555,6,335,15,844,100.5,100.5,0.0,299,262
1556,8,335,15,845,100.5,100.5,0.0,285,276
1557,4,335,15,848,100.5,100.5,0.0,290,266
1558,6,335,15,843,100.5,100.5,0.0,290,257
1559,6,335,15,843,100.5,100.5,0.0,308,257
1560,6,335,15,844,100.5,100.5,0.1,308,280
1561,6,334,15,846,100.5,100.5,0.0,299,257
1562,8,335,15,845,100.5,100.5,0.0,299,266
1563,6,335,15,844,100.5,100.5,-0.7,308,276
1564,8,335,15,843,100.5,100.5,0.0,308,262
1565,6,335,15,844,100.5,100.5,0.0,280,257
1566,6,335,15,843,100.5,100.5,-0.7,280,262
1567,8,335,15,846,100.5,100.5,-0.7,290,276
1568,6,335,15,844,100.5,100.5,0.0,290,262
1569,6,335,15,845,100.5,100.5,-0.7,285,262
1570,4,335,15,846,100.5,100.5,-0.7,285,257
1571,6,335,15,849,100.5,100.5,0.0,304,257
1572,6,335,15,843,100.5,100.5,0.0,276,276
1573,6,334,15,839,100.5,100.5,-0.7,276,271
1574,6,334,15,841,100.5,100.5,0.0,280,276
1575,6,334,15,841,100.5,100.5,0.0,280,262
1576,6,334,15,845,100.5,100.5,-0.7,280,262
1577,6,334,15,842,100.5,100.5,0.0,280,262
1578,6,334,15,847,100.5,100.5,0.1,299,271
1579,6,335,15,846,100.5,100.5,-0.7,304,266
1580,6,335,15,846,100.5,100.5,-0.7,304,266
1581,6,335,20,845,100.5,100.5,0.0,276,271
1582,6,333,25,913,100.5,100.5,0.0,276,252
1583,6,336,25,953,100.5,100.5,0.0,304,271
1584,6,341,15,960,100.5,100.5,-0.7,304,257
1585,8,349,15,887,100.5,100.5,0.0,285,257
1586,6,351,15,852,100.5,100.5,-0.7,290,280
1587,6,346,15,837,100.5,100.5,0.0,290,266
1588,8,346,15,827,100.5,100.5,0.1,299,280
1589,6,340,15,831,100.5,100.5,0.0,299,276
1590,6,337,15,829,100.5,100.5,0.0,299,276
1591,6,334,15,834,100.5,100.5,-0.7,299,257
1592,6,334,15,841,100.5,100.5,-0.7,308,276
1593,6,333,15,844,100.5,100.5,0.0,285,257
1594,6,333,15,840,100.5,100.5,-0.7,285,271
1595,8,333,15,842,100.5,100.5,-0.7,280,262
1596,6,333,15,843,100.5,100.5,-0.7,280,280
1597,8,333,20,851,100.5,100.5,-0.7,280,262
1598,6,333,26,906,100.5,100.5,-0.7,280,257
1599,8,339,26,977,100.5,100.5,0.0,285,280
1600,8,341,26,1007,100.5,100.5,0.0,285,262
1601,6,349,27,1018,100.5,100.5,0.0,304,262
1602,8,357,27,1023,100.5,100.5,0.0,304,276
1603,10,360,27,1017,100.5,100.5,-0.7,318,276
1604,8,364,27,1018,100.5,100.5,-0.7,308,276
1605,10,368,27,1014,100.5,100.5,0.0,308,271
1606,10,369,26,1008,100.5,100.5,0.0,318,290
1607,10,369,15,942,100.5,100.5,-0.7,318,276
1608,10,365,15,880,100.5,100.5,0.0,304,285
1609,10,358,15,844,100.5,100.5,-0.7,304,271
1610,8,351,15,832,100.5,100.5,-0.7,299,280
1611,10,345,15,828,100.5,100.5,0.0,313,285
1612,10,344,15,832,100.5,100.5,-0.7,313,285
1613,8,340,15,835,100.5,100.5,-0.7,304,266
1614,6,337,15,839,100.5,100.5,0.0,304,271
1615,8,336,17,843,100.5,100.5,-0.7,290,299
1616,6,335,28,885,100.5,100.5,-0.7,304,266
1617,8,338,30,941,100.5,100.5,-0.7,304,271
1618,8,344,30,981,100.5,100.5,-0.7,313,290
1619,10,349,30,1015,100.5,100.5,0.0,313,280
1620,8,356,15,976,100.5,100.5,0.0,299,266
1621,8,357,15,912,100.5,100.5,0.0,299,290
1622,10,356,15,877,100.5,100.5,0.0,299,299
1623,8,351,15,833,100.5,100.5,-0.7,313,271
1624,8,351,15,833,100.5,100.5,-0.7,313,271
1625,8,346,15,828,100.5,100.5,0.0,308,299
1626,8,341,15,832,100.5,100.5,-0.7,308,290
1627,8,338,15,837,100.5,100.5,0.0,304,276
1628,8,336,15,838,100.5,100.5,0.0,304,290
1629,6,335,15,840,100.5,100.5,-0.7,318,276
1630,6,334,15,842,100.5,100.5,0.1,318,276
1631,6,334,15,842,100.5,100.5,0.1,299,276
1632,6,334,19,844,100.5,100.5,0.0,299,266
1633,8,334,20,890,100.5,100.5,-0.7,299,262
1634,8,340,15,892,100.5,100.5,-0.7,304,266
1635,8,342,15,862,100.5,100.5,-0.7,304,290
1636,8,342,15,842,100.5,100.5,-0.7,285,290
1637,8,341,15,835,100.5,100.5,0.1,285,276
1638,8,338,15,832,100.5,100.5,-0.7,308,276
1639,8,336,14,832,100.5,100.5,-0.7,308,280
1640,8,334,15,837,100.5,100.5,0.0,313,280
1641,6,333,15,841,100.5,100.5,-0.7,308,266
1642,6,332,15,840,100.5,100.5,0.0,308,290
1643,6,333,15,839,100.5,100.5,0.1,308,262
1644,8,333,15,844,100.5,100.5,-0.7,308,276
1645,6,333,15,842,100.5,100.5,0.0,308,262
1646,6,333,15,843,100.5,100.5,0.0,308,276
1647,6,333,15,840,100.5,100.5,-0.7,280,276
1648,6,333,15,846,100.5,100.5,-0.7,280,266
1649,6,334,15,842,100.5,100.5,0.0,299,257
1650,8,334,15,842,100.5,100.5,-0.7,299,266
1651,6,333,15,845,100.5,100.5,0.0,285,266
1652,6,333,15,845,100.5,100.5,0.0,285,266
1653,6,333,15,843,100.5,100.5,-0.7,304,271
1654,6,333,15,841,100.5,100.5,-0.7,304,271
1655,6,334,15,840,100.5,100.5,0.0,280,280
1656,6,333,17,846,100.5,100.5,0.1,280,280
1657,6,334,17,866,100.5,100.5,-0.7,280,280
1658,6,336,17,873,100.5,100.5,-0.7,290,280
1659,8,338,20,886,100.5,100.5,-0.7,290,266
1660,6,338,20,907,100.5,100.5,-0.7,290,262
1661,6,342,20,922,100.5,100.5,0.1,290,266
1662,6,347,20,921,100.5,100.5,-0.7,290,276
1663,8,349,20,924,100.5,100.5,0.0,290,257
1664,8,351,20,922,100.5,100.5,0.0,290,276
1665,6,353,25,923,100.5,100.5,-0.7,308,271
1666,8,352,34,986,100.5,100.5,0.0,308,262
1667,10,353,34,1040,100.5,100.5,0.0,304,280
1668,10,358,34,1079,100.5,100.5,-0.7,304,266
1669,10,362,34,1105,100.5,100.5,-0.7,318,280
1670,14,370,34,1114,100.5,100.5,-0.7,318,290
1671,12,376,34,1108,100.5,100.5,0.0,336,299
1672,12,377,34,1101,100.5,100.5,0.0,336,285
1673,12,378,34,1102,100.5,100.5,0.0,345,290
1674,14,379,34,1096,100.5,100.5,-0.7,345,308
1675,16,381,34,1097,100.5,100.5,-0.7,336,308
1676,14,381,34,1095,100.5,100.5,0.0,349,308
1677,14,381,34,1091,100.5,100.5,-0.7,349,308
1678,14,381,34,1090,100.5,100.5,0.0,349,308
1679,16,380,34,1093,100.5,100.5,0.0,349,327
1680,16,381,34,1097,100.5,100.5,0.0,340,313
1681,16,382,34,1101,100.5,100.5,0.0,340,313
1682,14,382,34,1098,100.5,100.5,0.0,359,313
1683,16,382,34,1104,100.5,100.5,0.0,345,318
1684,18,383,33,1100,100.5,100.5,-0.7,345,318
1685,16,384,20,997,100.5,100.5,0.0,345,332
1686,14,381,20,948,100.5,100.5,0.0,345,340
1687,14,372,20,916,100.5,100.5,-0.7,349,327
1688,14,371,20,898,100.5,100.5,0.0,349,340
1689,12,365,20,894,100.5,100.5,0.0,340,336
1690,12,361,20,897,100.5,100.5,0.0,340,318
1691,12,357,20,905,100.5,100.5,-0.7,354,332
1692,12,357,20,905,100.5,100.5,-0.7,354,332
1693,10,356,20,911,100.5,100.5,-0.7,354,327
1694,10,355,20,911,100.5,100.5,-0.7,354,322
1695,10,355,20,911,100.5,100.5,0.0,349,327
1696,10,355,20,911,100.5,100.5,-0.7,349,332
1697,10,355,20,914,100.5,100.5,0.0,332,322
1698,10,355,20,913,100.5,100.5,-0.7,327,327
1699,10,354,20,910,100.5,100.5,0.0,327,313
1700,10,354,20,912,100.5,100.5,0.0,349,313
1701,8,354,20,911,100.5,100.5,0.0,349,318
1702,10,354,20,911,100.5,100.5,0.0,336,322
1703,10,354,20,907,100.5,100.5,0.0,336,308
1704,8,354,20,909,100.5,100.5,-0.7,340,327
1705,8,354,20,907,100.5,100.5,-0.7,336,322
1706,8,354,20,913,100.5,100.5,0.0,336,299
1707,10,355,20,914,100.5,100.5,0.0,336,308
1708,8,355,20,910,100.5,100.5,0.1,336,304
1709,8,355,20,910,100.5,100.5,-0.7,322,318
1710,8,354,20,910,100.5,100.5,0.0,322,313
1711,8,354,20,913,100.5,100.5,0.0,340,313
1712,8,354,20,909,100.5,100.5,0.0,332,318
1713,8,354,20,915,100.5,100.5,-0.7,332,318
1714,8,354,20,913,100.5,100.5,0.0,332,322
1715,8,354,20,914,100.5,100.5,0.0,332,318
1716,8,354,20,913,100.5,100.5,-0.7,336,304
1717,10,354,20,914,100.5,100.5,-0.7,336,322
1718,10,354,20,912,100.5,100.5,0.0,340,313
1719,8,354,20,911,100.5,100.5,0.0,327,313
1720,8,354,20,912,100.5,100.5,0.0,327,308
1721,10,354,20,911,100.5,100.5,-0.7,322,304
1722,8,354,20,910,100.5,100.5,0.0,322,304
1723,8,354,20,908,100.5,100.5,0.0,327,318
1724,8,354,20,913,100.5,100.5,-0.7,327,304
1725,8,354,20,910,100.5,100.5,0.0,322,290
1726,8,354,20,912,100.5,100.5,0.0,322,290
1727,8,354,20,912,100.5,100.5,0.0,336,290
1728,8,354,20,911,100.5,100.5,-0.7,327,299
1729,10,353,20,911,100.5,100.5,-0.7,327,308
1730,8,354,20,913,100.5,100.5,0.1,322,299
1731,8,353,20,911,100.5,100.5,-0.7,322,313
1732,8,354,20,908,100.5,100.5,-0.7,322,304
1733,8,354,20,913,100.5,100.5,0.1,322,308
1734,8,354,20,912,100.5,100.5,0.0,322,308
1735,8,354,20,912,100.5,100.5,-0.7,336,304
1736,8,354,20,912,100.5,100.5,-0.7,336,304
1737,8,354,20,913,100.5,100.5,0.0,322,313
1738,8,354,20,909,100.5,100.5,0.0,322,290
1739,8,353,20,912,100.5,100.5,-0.7,322,304
1740,8,354,20,911,100.5,100.5,0.0,322,304
1741,8,354,20,910,100.5,100.5,0.0,322,290
1742,8,354,20,911,100.5,100.5,0.0,313,313
1743,8,354,20,910,100.5,100.5,-0.7,313,299
1744,8,354,20,912,100.5,100.5,0.0,308,308
1745,8,354,20,911,100.5,100.5,0.0,308,308
1746,6,354,20,912,100.5,100.5,-0.7,322,308
1747,8,354,20,913,100.5,100.5,0.0,322,313
1748,8,354,20,913,100.5,100.5,0.0,332,313
1749,8,354,20,909,100.5,100.5,0.0,313,290
1750,6,354,20,914,100.5,100.5,0.0,313,299
1751,8,355,20,913,100.5,100.5,-0.7,336,290
1752,10,355,20,914,100.5,100.5,0.0,336,304
1753,10,355,20,911,100.5,100.5,0.0,332,285
1754,10,354,20,913,100.5,100.5,-0.7,332,280
1755,10,354,20,913,100.5,100.5,-0.7,322,280
1756,10,354,20,913,100.5,100.5,0.0,313,304
1757,8,355,20,914,100.5,100.5,0.0,313,304
1758,8,354,20,909,100.5,100.5,-0.7,308,290
1759,10,354,20,912,100.5,100.5,-0.7,308,290
1760,10,354,20,911,100.5,100.5,0.0,318,280
1761,8,354,20,914,100.5,100.5,0.0,318,308
1762,8,354,20,912,100.5,100.5,-0.7,313,290
1763,8,353,20,912,100.5,100.5,0.1,327,299
1764,8,353,20,912,100.5,100.5,0.1,327,299
1765,10,354,20,912,100.5,100.5,0.0,332,304
1766,8,355,20,914,100.5,100.5,-0.7,332,290
1767,10,355,20,909,100.5,100.5,0.0,308,290
1768,10,354,20,910,100.5,100.5,0.0,308,290
1769,8,354,20,908,100.5,100.5,-0.7,322,280
1770,8,354,20,912,100.5,100.5,-0.7,322,280
1771,8,354,20,912,100.5,100.5,0.0,322,280
1772,8,354,20,912,100.5,100.5,0.0,322,280
1773,8,354,20,911,100.5,100.5,0.0,322,290
1774,10,354,20,912,100.5,100.5,-0.7,327,304
1775,8,354,20,908,100.5,100.5,0.0,327,299
1776,8,354,20,908,100.5,100.5,0.0,304,299
1777,8,354,20,912,100.5,100.5,0.0,322,304
1778,8,354,20,909,100.5,100.5,-0.7,322,299
1779,8,354,20,913,100.5,100.5,0.0,308,299
1780,8,353,20,909,100.5,100.5,0.0,308,304
1781,8,354,20,913,100.5,100.5,-0.7,332,308
1782,8,354,20,912,100.5,100.5,0.1,332,299
1783,8,353,20,911,100.5,100.5,0.0,322,276
1784,8,353,20,912,100.5,100.5,0.1,332,285
1785,8,354,20,913,100.5,100.5,-0.7,332,285
1786,8,353,20,910,100.5,100.5,-0.7,322,299
1787,8,353,20,913,100.5,100.5,0.0,322,280
1788,8,353,20,912,100.5,100.5,-0.7,313,290
1789,8,353,20,910,100.5,100.5,-0.7,327,308
1790,10,353,20,914,100.5,100.5,0.0,327,285
1791,8,354,20,912,100.5,100.5,0.1,313,304
1792,8,353,20,914,100.5,100.5,0.0,313,285
1793,8,354,20,912,100.5,100.5,-0.7,322,308
1794,6,353,20,913,100.5,100.5,0.0,322,299
1795,8,353,20,914,100.5,100.5,0.0,318,276
1796,8,354,20,909,100.5,100.5,-0.7,327,290
1797,8,354,20,912,100.5,100.5,0.0,327,308
1798,8,354,20,911,100.5,100.5,0.0,308,285
1799,8,354,20,911,100.5,100.5,0.0,308,290
1800,8,354,20,912,100.5,100.5,-0.7,308,285
1801,10,354,20,914,100.5,100.5,-0.7,318,290
1802,10,355,20,910,100.5,100.5,0.0,318,280
1803,8,354,20,912,100.5,100.5,0.1,313,308
1804,8,354,20,913,100.5,100.5,-0.7,313,299
1805,10,354,20,912,100.5,100.5,0.0,327,299
1806,8,354,20,910,100.5,100.5,0.0,327,290
1807,8,354,20,912,100.5,100.5,-0.7,332,299
1808,8,354,20,912,100.5,100.5,-0.7,322,299
1809,8,354,20,910,100.5,100.5,-0.7,322,304
1810,8,353,20,911,100.5,100.5,0.0,308,280
1811,8,353,20,910,100.5,100.5,0.0,308,290
1812,8,354,20,912,100.5,100.5,-0.7,322,276
1813,10,354,20,907,100.5,100.5,-0.7,322,285
1814,8,353,20,913,100.5,100.5,0.0,313,290
1815,8,353,20,913,100.5,100.5,0.0,322,304
1816,8,354,20,911,100.5,100.5,-0.7,322,285
1817,8,354,20,915,100.5,100.5,-0.7,318,308
1818,8,353,20,914,100.5,100.5,0.1,318,285
1819,8,354,20,912,100.5,100.5,-0.7,318,304
1820,8,354,20,912,100.5,100.5,-0.7,313,304
1821,8,354,20,914,100.5,100.5,-0.7,313,308
1822,8,354,20,912,100.5,100.5,0.0,318,280
1823,8,354,20,912,100.5,100.5,0.1,318,299
1824,10,354,20,912,100.5,100.5,0.0,322,276
1825,8,354,20,915,100.5,100.5,0.0,322,285
1826,8,355,20,912,100.5,100.5,0.1,318,290
1827,8,354,20,910,100.5,100.5,0.0,313,304
1828,8,354,20,912,100.5,100.5,0.0,313,276
1829,8,354,20,911,100.5,100.5,0.0,322,308
1830,8,355,20,910,100.5,100.5,0.1,322,308
1831,8,355,20,913,100.5,100.5,0.0,318,304
1832,8,355,20,913,100.5,100.5,0.0,318,304
1833,8,355,20,908,100.5,100.5,0.1,322,299
1834,8,355,20,911,100.5,100.5,-0.7,327,280
1835,8,355,20,910,100.5,100.5,0.1,327,285
1836,8,355,20,910,100.5,100.5,0.1,304,285
1837,8,354,20,912,100.5,100.5,0.0,304,280
1838,8,354,20,913,100.5,100.5,-0.7,318,304
1839,10,354,20,913,100.5,100.5,-0.7,318,299
1840,8,354,20,912,100.5,100.5,0.0,308,280
1841,8,354,20,913,100.5,100.5,0.0,327,299
1842,8,354,20,912,100.5,100.5,-0.7,327,280
1843,8,354,20,914,100.5,100.5,0.0,318,304
1844,10,354,20,914,100.5,100.5,0.0,318,280
1845,8,354,20,914,100.5,100.5,0.0,327,280
1846,6,354,20,914,100.5,100.5,-0.7,327,299
1847,8,354,20,914,100.5,100.5,0.0,308,285
1848,8,354,20,914,100.5,100.5,0.0,322,285
1849,8,355,20,914,100.5,100.5,0.0,322,290
1850,10,354,20,912,100.5,100.5,-0.7,327,276
1851,8,354,20,910,100.5,100.5,0.1,327,299
1852,8,354,20,910,100.5,100.5,0.0,304,285
1853,8,355,20,907,100.5,100.5,-0.7,304,285
1854,8,354,20,910,100.5,100.5,-0.7,327,280
1855,8,354,20,911,100.5,100.5,0.0,322,290
1856,8,354,20,911,100.5,100.5,0.0,322,290
1857,8,354,20,910,100.5,100.5,-0.7,299,280
1858,8,354,20,911,100.5,100.5,-0.7,299,285
1859,8,355,20,912,100.5,100.5,0.0,304,276
1860,8,355,20,912,100.5,100.5,0.0,304,276
1861,10,355,20,910,100.5,100.5,-0.7,327,304
1862,8,356,20,911,100.5,100.5,0.0,318,290
1863,8,355,20,912,100.5,100.5,0.0,318,276
1864,8,355,20,913,100.5,100.5,0.0,322,299
1865,8,355,20,907,100.5,100.5,0.0,322,290
1866,8,354,20,915,100.5,100.5,0.0,322,290
1867,8,354,20,910,100.5,100.5,0.0,322,299
1868,10,354,20,914,100.5,100.5,-0.7,313,280
1869,8,354,20,914,100.5,100.5,0.0,322,276
1870,8,354,20,911,100.5,100.5,-0.7,322,299
1871,8,354,20,909,100.5,100.5,0.0,322,280
1872,8,354,20,914,100.5,100.5,0.0,322,271
1873,8,354,20,910,100.5,100.5,-0.7,313,299
1874,8,354,20,913,100.5,100.5,0.1,313,280
1875,8,354,20,910,100.5,100.5,-0.7,313,290
1876,8,354,20,910,100.5,100.5,-0.7,313,290
1877,6,354,20,910,100.5,100.5,-0.7,313,290
1878,8,354,20,910,100.5,100.5,0.0,322,271
1879,8,354,20,913,100.5,100.5,0.0,322,304
1880,8,354,20,913,100.5,100.5,-0.7,322,290
1881,8,354,20,911,100.5,100.5,0.0,322,285
1882,8,354,20,911,100.5,100.5,0.1,322,276
1883,8,354,20,914,100.5,100.5,0.0,322,304
1884,8,354,20,914,100.5,100.5,0.0,322,304
1885,10,354,20,914,100.5,100.5,0.0,313,276
1886,8,354,20,913,100.5,100.5,0.0,313,304
1887,8,354,20,914,100.5,100.5,0.0,313,304
1888,8,354,20,914,100.5,100.5,-0.7,313,290
1889,8,354,20,914,100.5,100.5,0.0,299,285
1890,8,354,20,914,100.5,100.5,0.0,313,290
1891,8,354,20,910,100.5,100.5,-0.7,313,285
1892,10,354,20,912,100.5,100.5,0.0,308,280
1893,10,354,20,911,100.5,100.5,0.0,308,285
1894,8,354,20,913,100.5,100.5,0.0,318,299
1895,8,354,20,912,100.5,100.5,0.0,318,304
1896,8,354,20,910,100.5,100.5,0.0,313,304
1897,8,354,20,910,100.5,100.5,0.0,304,276
1898,10,354,20,912,100.5,100.5,0.0,304,285
1899,8,354,20,911,100.5,100.5,-0.7,308,271
1900,8,354,20,909,100.5,100.5,0.0,308,304
1901,8,354,20,911,100.5,100.5,0.0,327,285
1902,8,354,20,908,100.5,100.5,0.0,327,280
1903,8,354,20,912,100.5,100.5,0.0,313,299
1904,8,354,20,912,100.5,100.5,-0.7,327,304
1905,8,354,20,912,100.5,100.5,-0.7,327,304
1906,8,354,20,911,100.5,100.5,0.0,313,299
1907,8,354,20,911,100.5,100.5,0.0,313,299
1908,8,354,20,913,100.5,100.5,0.0,308,280
1909,8,354,20,912,100.5,100.5,-0.7,313,280
1910,8,354,20,912,100.5,100.5,0.1,313,280
1911,8,354,20,909,100.5,100.5,0.0,322,290
1912,8,354,20,912,100.5,100.5,0.0,322,290
1913,6,354,20,913,100.5,100.5,0.0,313,271
1914,6,354,20,913,100.5,100.5,0.0,313,271
1915,10,355,20,913,100.5,100.5,0.0,318,299
1916,10,355,20,913,100.5,100.5,0.0,318,299
1917,8,355,20,914,100.5,100.5,-0.7,318,304
1918,8,355,20,912,100.5,100.5,0.0,327,304
1919,8,354,20,913,100.5,100.5,0.0,327,285
1920,8,355,20,912,100.5,100.5,-0.7,322,285
1921,10,355,20,912,100.5,100.5,0.0,322,304
1922,10,355,20,912,100.5,100.5,-0.7,313,285
1923,6,355,20,913,100.5,100.5,0.0,313,299
1924,8,355,20,913,100.5,100.5,-0.7,318,290
1925,8,355,20,910,100.5,100.5,0.0,299,276
1926,8,355,20,911,100.5,100.5,0.1,299,299
1927,10,355,20,911,100.5,100.5,0.0,308,299
1928,10,355,20,911,100.5,100.5,0.0,308,299
1929,6,355,20,909,100.5,100.5,-0.7,304,285
1930,6,355,20,909,100.5,100.5,-0.7,304,285
1931,8,355,20,908,100.5,100.5,0.0,322,276
1932,10,355,20,912,100.5,100.5,-0.7,304,280
1933,8,355,20,912,100.5,100.5,0.0,304,304
1934,8,355,20,911,100.5,100.5,0.1,313,280
1935,8,355,20,911,100.5,100.5,0.1,313,280
1936,8,354,20,913,100.5,100.5,-0.7,322,304
1937,8,354,20,913,100.5,100.5,-0.7,322,304
1938,8,355,20,909,100.5,100.5,0.0,318,290
1939,8,354,20,913,100.5,100.5,0.1,304,304
1940,8,354,20,912,100.5,100.5,-0.7,304,304
1941,8,354,20,914,100.5,100.5,0.0,322,280
1942,8,354,20,912,100.5,100.5,0.1,322,290
1943,8,355,20,911,100.5,100.5,0.0,318,299
1944,8,355,20,911,100.5,100.5,0.0,318,299
1945,8,355,20,911,100.5,100.5,0.0,308,280
1946,8,355,20,912,100.5,100.5,0.1,308,299
1947,8,355,20,912,100.5,100.5,-0.7,308,299
1948,8,355,20,910,100.5,100.5,-0.7,308,299
1949,8,355,20,909,100.5,100.5,0.1,308,276
1950,8,355,20,914,100.5,100.5,-0.7,299,285
1951,6,355,20,910,100.5,100.5,0.1,299,285
1952,10,355,20,911,100.5,100.5,-0.7,304,304
1953,10,355,20,911,100.5,100.5,0.0,327,280
1954,8,355,20,912,100.5,100.5,-0.7,327,299
1955,8,354,20,912,100.5,100.5,-0.7,304,299
1956,8,354,20,912,100.5,100.5,-0.7,304,299
1957,8,354,20,912,100.5,100.5,0.0,322,280
1958,8,354,20,912,100.5,100.5,0.0,322,280
1959,8,354,20,913,100.5,100.5,-0.7,304,290
1960,8,355,20,912,100.5,100.5,0.0,318,290
1961,8,354,20,914,100.5,100.5,0.0,318,276
1962,8,354,20,912,100.5,100.5,0.0,313,299
1963,8,354,20,913,100.5,100.5,-0.7,313,304
1964,8,354,20,910,100.5,100.5,0.1,304,290
1965,8,354,20,910,100.5,100.5,0.1,304,290
1966,10,354,20,912,100.5,100.5,-0.7,327,290
1967,10,354,20,912,100.5,100.5,-0.7,304,285
1968,10,354,20,914,100.5,100.5,0.1,304,299
1969,8,354,20,910,100.5,100.5,0.1,308,276
1970,10,354,20,912,100.5,100.5,-0.7,308,276
1971,8,354,20,912,100.5,100.5,0.0,308,304
1972,8,354,20,912,100.5,100.5,0.0,308,304
1973,8,354,20,912,100.5,100.5,-0.7,304,299
1974,8,354,20,913,100.5,100.5,-0.7,318,285
1975,10,354,20,908,100.5,100.5,0.0,318,290
1976,10,354,20,911,100.5,100.5,0.0,308,271
1977,10,354,20,911,100.5,100.5,0.0,308,271
1978,8,354,20,910,100.5,100.5,-0.7,318,285
1979,8,354,20,910,100.5,100.5,-0.7,318,285
1980,10,354,20,912,100.5,100.5,0.0,318,285
1981,10,355,20,914,100.5,100.5,-0.7,308,285
1982,10,355,20,913,100.5,100.5,-0.7,308,290
1983,8,355,20,913,100.5,100.5,0.0,299,280
1984,8,355,20,912,100.5,100.5,0.1,299,280
1985,10,354,20,913,100.5,100.5,-0.7,304,280
1986,10,354,20,913,100.5,100.5,-0.7,304,280
1987,8,354,20,914,100.5,100.5,0.0,322,285
1988,8,354,20,913,100.5,100.5,0.0,304,285
1989,8,354,20,910,100.5,100.5,-0.7,304,285
1990,8,355,20,912,100.5,100.5,0.0,322,276
1991,8,355,20,912,100.5,100.5,0.0,322,276
1992,8,355,20,914,100.5,100.5,0.0,304,280
1993,8,355,20,914,100.5,100.5,0.0,304,280
1994,8,355,20,913,100.5,100.5,0.0,318,285
1995,8,355,20,908,100.5,100.5,0.1,327,276
1996,8,355,20,910,100.5,100.5,0.0,327,276
1997,8,354,20,913,100.5,100.5,-0.7,313,304
1998,8,354,20,911,100.5,100.5,0.0,313,290
1999,8,354,20,910,100.5,100.5,0.0,318,276
2000,8,354,20,910,100.5,100.5,0.0,318,276
"12/25/2021 20:25","Data Logging Completed","(Total Samples = 2000 - Sample Rate = 120 Per Minute)"
