"12/25/2021 23:06","3512B Starboard (4TN00223)","(Total Samples = 2000 - Sample Rate = 120 Per Minute)"
"Unit Descriptions","RPM","kPa","kPa","%","RPM","kPa","kPa","kPa","Deg C","Deg C"
"Sample #","Desired Engine Speed","Boost Pressure","Fuel Pressure","Throttle Position","Engine Speed","Right Turbo Inlet Pressure (abs)","Left Turbo Inlet Pressure (abs)","Crankcase Pressure","Right Exhaust Temperature","Left Exhaust Temperature"
1,No Data,No Data,No Data,No Data,No Data,No Data,No Data,No Data,No Data,No Data
2,No Data,No Data,No Data,No Data,No Data,No Data,No Data,No Data,No Data,No Data
3,No Data,No Data,No Data,No Data,No Data,No Data,No Data,No Data,No Data,No Data
4,847,4,386,15,995,100.5,100.5,0.1,No Data,No Data
5,847,4,386,15,995,100.5,100.5,0.1,Timed Out,Timed Out
6,847,6,372,15,874,100.5,100.5,0.0,184,128
7,847,6,372,15,874,100.5,100.5,0.0,184,128
8,847,4,363,15,844,100.5,100.5,-0.7,164,144
9,846,4,350,15,834,100.5,100.5,0.0,164,128
10,846,4,350,15,834,100.5,100.5,0.0,184,128
11,846,4,346,15,837,100.5,100.5,0.0,184,133
12,847,4,342,15,837,100.5,100.5,0.0,184,133
13,846,4,341,15,844,100.5,100.5,-0.7,174,139
14,846,2,340,15,844,100.5,100.5,0.0,174,139
15,847,4,340,15,845,100.5,100.5,0.0,174,149
16,846,4,340,15,846,100.5,100.5,0.0,174,159
17,846,4,340,15,851,100.5,100.5,0.0,184,159
18,846,4,340,15,848,100.5,100.5,0.1,184,154
19,846,4,340,15,848,100.5,100.5,0.1,199,154
20,846,4,340,15,851,100.5,100.5,0.0,199,149
21,847,6,340,15,849,100.5,100.5,-0.7,199,149
22,847,4,340,15,851,100.5,100.5,0.0,184,159
23,847,4,341,15,847,100.5,100.5,0.0,184,159
24,847,4,341,15,847,100.5,100.5,0.0,184,159
25,847,4,341,15,848,100.5,100.5,0.0,184,159
26,847,2,341,15,848,100.5,100.5,0.0,184,159
27,847,2,341,15,849,100.5,100.5,-0.7,189,149
28,847,2,341,15,849,100.5,100.5,-0.7,189,149
29,847,4,341,15,847,100.5,100.5,-0.7,194,164
30,846,2,341,15,849,100.5,100.5,0.0,194,169
31,846,2,341,15,849,100.5,100.5,0.0,204,169
32,846,4,342,15,849,100.5,100.5,-0.7,204,164
33,847,2,342,15,849,100.5,100.5,0.0,189,164
34,906,2,343,15,853,100.5,100.5,0.0,184,154
35,906,2,343,15,853,100.5,100.5,0.0,184,154
36,1205,2,343,42,947,100.5,100.5,0.0,199,159
37,1324,4,350,52,1102,100.5,100.5,0.0,199,174
38,1324,4,350,52,1102,100.5,100.5,0.0,204,174
39,1325,2,366,52,1154,100.5,100.5,0.0,204,169
40,1325,4,377,52,1213,100.5,100.5,0.0,223,169
41,1459,2,384,61,1251,100.5,100.5,0.0,223,174
42,1538,6,393,68,1289,100.5,100.5,0.0,223,174
43,1538,8,396,68,1314,100.5,100.5,0.0,228,194
44,1552,12,402,69,1336,100.5,100.5,0.0,228,199
45,1599,10,406,73,1352,100.5,100.5,0.0,252,199
46,1624,12,416,75,1392,100.5,100.5,0.1,252,208
47,1624,12,416,75,1392,100.5,100.5,0.1,276,208
48,1624,16,421,75,1425,100.0,100.5,0.1,285,247
49,1626,22,427,75,1461,100.0,100.5,0.0,285,247
50,1625,28,431,75,1531,100.0,100.0,0.0,308,257
51,1625,28,431,75,1531,100.0,100.0,0.0,308,257
52,1626,28,436,75,1564,100.0,100.0,0.1,327,252
53,1624,40,445,74,1601,100.0,100.0,0.1,327,276
54,1624,40,445,74,1601,100.0,100.0,0.1,349,276
55,1624,44,450,75,1607,100.0,100.0,0.0,349,304
56,1624,42,453,75,1620,99.5,100.0,0.0,349,304
57,1626,48,456,75,1634,99.5,100.0,0.0,354,299
58,1624,52,459,75,1633,99.5,100.0,0.0,354,299
59,1625,54,460,75,1626,99.5,100.0,0.0,368,336
60,1626,56,462,75,1633,99.5,100.0,0.0,368,332
61,1626,58,463,75,1642,99.5,100.0,0.0,395,332
62,1626,56,465,75,1629,99.5,100.0,-0.7,395,340
63,1626,56,465,75,1629,99.5,100.0,-0.7,400,340
64,1625,52,466,75,1642,99.5,100.0,0.0,404,340
65,1624,58,466,75,1626,99.5,100.0,0.0,404,340
66,1624,56,466,75,1626,99.5,100.0,0.0,386,354
67,1626,58,467,75,1635,99.5,100.0,0.0,386,363
68,1625,54,467,75,1630,99.5,100.0,0.0,395,363
69,1625,58,468,75,1623,99.5,100.0,-0.7,395,382
70,1624,52,468,75,1629,99.5,100.0,0.0,404,382
71,1687,56,467,80,1646,99.5,100.0,0.1,414,363
72,1687,56,467,80,1646,99.5,100.0,0.1,414,363
73,1691,54,466,80,1660,99.5,100.0,0.0,400,373
74,1691,62,466,80,1679,99.5,99.5,0.0,400,382
75,1691,62,466,80,1679,99.5,99.5,0.0,414,382
76,1755,64,469,85,1699,99.5,99.5,0.0,414,395
77,1755,64,469,85,1699,99.5,99.5,0.0,431,395
78,1818,66,470,90,1694,99.5,99.5,0.0,431,400
79,1818,66,470,90,1694,99.5,99.5,0.0,422,400
80,1875,68,470,94,1702,99.5,99.5,0.1,436,386
81,1922,66,472,98,1714,99.0,99.5,0.0,436,382
82,1922,68,472,98,1721,99.0,99.5,0.0,436,382
83,1922,68,472,98,1721,99.0,99.5,0.0,436,386
84,1922,70,474,98,1709,99.0,99.5,-0.7,441,386
85,1921,68,474,98,1713,99.0,99.5,0.0,441,414
86,1921,68,475,98,1711,99.0,99.5,0.0,445,414
87,1922,70,475,98,1713,99.0,99.5,0.1,445,414
88,1921,72,475,98,1715,99.0,99.5,0.0,441,400
89,1921,68,476,98,1728,99.0,99.5,0.0,454,400
90,1923,66,475,98,1727,99.0,99.5,0.0,454,414
91,1923,66,475,98,1727,99.0,99.5,0.0,431,414
92,1922,70,476,98,1750,99.0,99.5,0.0,431,400
93,1923,70,477,98,1751,99.0,99.5,0.0,454,400
94,1923,70,478,98,1751,99.0,99.5,0.1,454,404
95,1923,70,478,98,1751,99.0,99.5,0.1,458,404
96,1922,72,478,98,1760,99.0,99.5,0.0,458,409
97,1923,74,479,98,1768,99.0,99.5,0.0,454,409
98,1923,70,479,98,1782,99.0,99.5,0.0,454,409
99,1922,70,479,98,1773,99.0,99.5,0.0,449,418
100,1922,70,479,98,1773,99.0,99.5,0.0,449,418
101,1923,68,480,98,1792,99.0,99.5,0.1,458,400
102,1922,72,480,98,1782,99.0,99.5,0.1,454,400
103,1922,72,480,98,1782,99.0,99.5,0.1,454,414
104,1922,76,480,98,1768,99.0,99.5,0.1,449,414
105,1923,72,480,98,1772,99.0,99.5,0.0,449,409
106,1923,70,480,98,1768,99.0,99.5,0.0,441,409
107,1923,70,480,98,1768,99.0,99.5,0.0,441,400
108,1922,70,480,98,1767,99.0,99.5,0.1,449,427
109,1925,76,481,98,1771,99.0,99.5,-0.7,445,427
110,1923,72,481,98,1769,99.0,99.5,0.0,445,409
111,1921,72,481,98,1785,99.0,99.5,0.1,441,409
112,1921,72,481,98,1785,99.0,99.5,0.1,441,404
113,1923,70,480,98,1790,99.0,99.5,0.1,449,404
114,1922,74,478,98,1795,99.0,99.5,0.0,449,418
115,1922,74,478,98,1795,99.0,99.5,0.0,458,418
116,1923,74,480,98,1790,99.0,99.5,0.0,458,422
117,1922,76,479,98,1790,99.0,99.5,0.1,458,422
118,1923,78,480,98,1803,99.0,99.5,0.1,458,414
119,1923,78,480,98,1803,99.0,99.5,0.1,441,414
120,1922,72,481,98,1792,99.0,99.5,0.0,445,404
121,1922,70,479,98,1787,99.0,99.5,0.1,445,404
122,1923,74,479,98,1791,99.0,99.5,0.1,454,404
123,1923,80,478,98,1793,99.0,99.5,0.1,454,427
124,1923,80,478,98,1793,99.0,99.5,0.1,458,427
125,1923,78,479,98,1793,99.0,99.5,0.0,458,418
126,1923,78,479,98,1793,99.0,99.5,0.0,436,418
127,1921,76,479,98,1796,99.0,99.5,0.0,463,422
128,1923,76,478,98,1800,99.0,99.5,0.1,463,422
129,1922,74,480,98,1800,99.0,99.5,0.0,463,422
130,1924,76,480,98,1782,99.0,99.5,0.1,463,422
131,1924,76,480,98,1782,99.0,99.5,0.1,458,422
132,1924,74,482,98,1757,99.0,99.5,0.0,458,418
133,1924,74,482,98,1757,99.0,99.5,0.0,449,418
134,1922,74,482,98,1758,99.0,99.5,0.1,458,427
135,1922,78,482,98,1746,99.0,99.5,0.0,458,418
136,1922,78,482,98,1746,99.0,99.5,0.0,463,418
137,1922,80,482,98,1751,99.0,99.5,0.0,463,422
138,1922,80,482,98,1751,99.0,99.5,0.0,454,422
139,1925,78,482,98,1752,99.0,99.5,0.0,454,431
140,1923,72,481,98,1750,99.0,99.5,0.0,449,431
141,1925,72,481,98,1751,99.0,99.5,0.0,449,431
142,1923,76,481,98,1753,99.0,99.5,-0.7,449,427
143,1923,76,481,98,1753,99.0,99.5,-0.7,441,427
144,1921,78,481,98,1763,99.0,99.5,0.1,441,431
145,1921,78,481,98,1763,99.0,99.5,0.1,458,431
146,1923,76,480,98,1763,99.0,99.5,0.1,458,418
147,1923,76,480,98,1763,99.0,99.5,0.1,441,418
148,1922,74,481,98,1767,99.0,99.5,0.0,441,422
149,1923,74,481,98,1756,99.0,99.5,0.1,449,427
150,1922,76,481,98,1764,99.0,99.5,0.1,449,427
151,1923,76,481,98,1767,99.0,99.5,0.1,454,409
152,1923,76,481,98,1767,99.0,99.5,0.1,454,409
153,1922,76,481,98,1773,99.0,99.5,0.1,463,427
154,1922,76,481,98,1773,99.0,99.5,0.1,454,427
155,1922,78,481,98,1776,99.0,99.5,0.1,454,436
156,1922,72,481,98,1778,99.0,99.5,0.0,458,436
157,1921,76,481,98,1778,99.0,99.5,0.1,458,414
158,1923,80,482,98,1778,99.0,99.5,0.0,445,414
159,1923,80,482,98,1778,99.0,99.5,0.0,445,427
160,1921,74,482,98,1778,99.0,99.5,0.1,454,427
161,1921,74,482,98,1778,99.0,99.5,0.1,454,431
162,1923,74,483,98,1791,99.0,99.5,0.0,463,418
163,1923,76,482,98,1786,99.0,99.5,0.0,468,418
164,1923,76,482,98,1786,99.0,99.5,0.0,468,414
165,1928,80,482,98,1778,99.0,99.5,0.1,454,414
166,1928,80,482,98,1778,99.0,99.5,0.1,454,422
167,1928,82,481,98,1757,99.0,99.5,-0.7,463,422
168,1925,78,480,98,1717,99.0,99.5,0.0,463,422
169,1926,80,475,98,1679,99.0,99.5,-0.7,445,422
170,1926,76,473,98,1677,99.0,99.5,0.1,445,409
171,1926,76,473,98,1677,99.0,99.5,0.1,445,409
172,1926,80,471,98,1687,99.0,99.5,0.0,454,436
173,1928,78,473,98,1726,99.0,99.5,0.0,454,436
174,1928,72,477,98,1773,99.0,99.5,0.1,454,422
175,1928,72,477,98,1773,99.0,99.5,0.1,463,422
176,1929,80,479,98,1803,99.0,99.5,0.0,472,422
177,1926,78,479,98,1806,99.0,99.5,0.0,472,414
178,1926,76,480,98,1810,99.0,99.5,-0.7,454,414
179,1926,78,481,98,1808,99.0,99.5,0.1,454,427
180,1926,78,481,98,1808,99.0,99.5,0.1,449,427
181,1925,72,484,98,1820,99.0,99.5,0.0,449,431
182,1925,72,484,98,1820,99.0,99.5,0.0,454,431
183,1926,74,485,98,1821,99.0,99.5,0.0,454,436
184,1925,78,485,98,1812,99.0,99.5,0.1,472,418
185,1926,72,484,98,1812,99.0,99.5,0.0,472,418
186,1926,76,485,98,1804,99.0,99.5,0.0,468,431
187,1926,76,485,98,1804,99.0,99.5,0.0,468,431
188,1925,76,485,98,1806,99.0,99.5,0.0,468,414
189,1926,74,485,98,1803,99.0,99.5,0.0,468,414
190,1925,80,485,98,1814,99.0,99.5,0.1,445,422
191,1925,78,484,98,1809,99.0,99.5,0.1,468,422
192,1925,78,484,98,1809,99.0,99.5,0.1,468,431
193,1926,80,482,98,1813,99.0,99.5,0.0,454,431
194,1926,80,482,98,1813,99.0,99.5,0.0,454,427
195,1926,80,482,98,1801,99.0,99.5,0.0,454,414
196,1928,80,483,98,1808,99.0,99.5,0.1,454,414
197,1928,78,482,98,1800,99.0,99.5,0.0,454,422
198,1925,76,483,98,1803,99.0,99.5,0.1,449,422
199,1925,76,483,98,1803,99.0,99.5,0.1,449,427
200,1925,74,484,98,1808,99.0,99.5,0.0,458,427
201,1925,74,484,98,1808,99.0,99.5,0.0,458,418
202,1925,80,484,98,1816,99.0,99.5,0.0,449,418
203,1925,80,484,98,1816,99.0,99.5,0.0,449,427
204,1925,82,484,98,1808,99.0,99.5,0.0,463,422
205,1926,76,484,98,1806,99.0,99.5,0.1,454,422
206,1926,76,484,98,1809,99.0,99.5,0.1,454,409
207,1928,82,484,98,1804,99.0,99.5,0.1,458,409
208,1928,82,484,98,1804,99.0,99.5,0.1,458,422
209,1928,78,485,98,1801,99.0,99.5,0.0,441,422
210,1928,78,485,98,1801,99.0,99.5,0.0,441,427
211,1925,84,485,98,1800,99.0,99.5,0.1,445,427
212,1926,78,485,98,1804,99.0,99.5,-0.7,468,414
213,1928,80,485,98,1799,99.0,99.5,0.1,468,414
214,1928,80,484,98,1803,99.0,99.5,0.0,454,431
215,1928,80,484,98,1803,99.0,99.5,0.0,454,431
216,1928,78,483,98,1800,99.0,99.5,0.1,445,422
217,1925,82,483,98,1805,99.0,99.5,-0.7,445,422
218,1926,76,483,98,1804,99.0,99.5,0.0,449,427
219,1926,76,483,98,1804,99.0,99.5,0.0,449,422
220,1928,86,482,98,1799,99.0,99.5,0.1,445,422
221,1928,80,483,98,1801,99.0,99.5,-0.7,445,431
222,1926,82,483,98,1797,99.0,99.5,0.0,463,431
223,1928,80,483,98,1805,99.0,99.5,0.0,463,431
224,1928,80,483,98,1805,99.0,99.5,0.0,454,431
225,1925,78,484,98,1787,99.0,99.5,0.0,449,414
226,1926,82,484,98,1792,99.0,99.5,0.0,449,414
227,1926,82,484,98,1792,99.0,99.5,0.0,458,414
228,1926,80,483,98,1801,99.0,99.5,0.1,458,414
229,1926,80,483,98,1801,99.0,99.5,0.1,445,414
230,1925,78,482,98,1805,99.0,99.5,0.1,445,409
231,1925,78,482,98,1805,99.0,99.5,0.1,454,409
232,1926,80,483,98,1816,99.0,99.5,0.1,449,436
233,1928,82,484,98,1806,99.0,99.5,0.1,449,409
234,1928,76,483,98,1805,99.0,99.5,0.0,463,409
235,1926,80,484,98,1806,99.0,99.5,0.0,463,431
236,1926,80,484,98,1806,99.0,99.5,0.0,454,431
237,1926,78,485,98,1814,99.0,99.5,0.0,454,422
238,1926,78,485,98,1814,99.0,99.5,0.0,445,422
239,1926,80,484,98,1803,99.0,99.5,0.0,445,418
240,1926,76,483,98,1805,99.0,99.5,0.0,458,422
241,1925,78,483,98,1799,99.0,99.5,0.1,458,422
242,1928,80,483,98,1803,99.0,99.5,-0.7,458,427
243,1928,80,483,98,1803,99.0,99.5,-0.7,458,427
244,1928,78,484,98,1812,99.0,99.5,-0.7,468,431
245,1928,82,484,98,1818,99.0,99.5,0.1,468,431
246,1928,80,483,98,1808,99.0,99.5,0.1,468,427
247,1925,78,483,98,1806,99.0,99.5,0.0,458,427
248,1925,78,483,98,1806,99.0,99.5,0.0,458,427
249,1928,80,483,98,1813,99.0,99.5,0.1,449,427
250,1926,82,483,98,1805,99.0,99.5,0.0,449,431
251,1926,76,484,98,1804,99.0,99.5,0.1,463,418
252,1926,76,484,98,1804,99.0,99.5,0.1,463,418
253,1925,76,484,98,1817,99.0,99.5,0.1,445,418
254,1928,84,484,98,1810,99.0,99.5,0.0,449,418
255,1925,76,485,98,1818,99.0,99.5,0.0,449,414
256,1926,80,486,98,1813,99.0,99.5,0.0,458,414
257,1926,80,486,98,1813,99.0,99.5,0.0,458,409
258,1928,78,485,98,1814,99.0,99.5,0.0,449,427
259,1928,78,485,98,1814,99.0,99.5,0.0,449,427
260,1926,84,485,98,1806,99.0,99.5,0.1,441,414
261,1926,78,485,98,1809,99.0,99.5,0.1,454,414
262,1925,84,485,98,1810,99.0,99.5,0.1,454,422
263,1925,84,485,98,1810,99.0,99.5,0.1,458,422
264,1926,84,486,98,1828,99.0,99.5,0.0,458,414
265,1928,82,486,98,1825,99.0,99.5,0.1,463,414
266,1928,82,486,98,1825,99.0,99.5,0.1,463,409
267,1926,82,486,98,1817,99.0,99.5,0.1,458,427
268,1929,82,486,98,1793,99.0,99.5,0.0,445,427
269,1928,82,485,98,1797,99.0,99.5,0.0,445,409
270,1926,80,485,98,1797,99.0,99.5,0.1,454,409
271,1926,80,485,98,1797,99.0,99.5,0.1,454,422
272,1928,82,484,98,1801,99.0,99.5,0.1,468,422
273,1928,82,484,98,1801,99.0,99.5,0.1,468,409
274,1926,80,484,98,1801,99.0,99.5,0.0,449,422
275,1926,78,484,98,1793,99.0,99.5,0.1,468,422
276,1926,80,483,98,1804,99.0,99.5,0.0,468,427
277,1926,84,483,98,1800,99.0,99.5,0.0,468,427
278,1926,84,483,98,1800,99.0,99.5,0.0,468,427
279,1928,86,483,98,1805,99.0,99.5,0.0,449,427
280,1925,78,484,98,1799,99.0,99.5,0.0,449,422
281,1928,82,484,98,1799,99.0,99.0,-0.7,445,422
282,1926,80,484,98,1806,99.0,99.5,0.0,445,414
283,1926,80,484,98,1806,99.0,99.5,0.0,445,427
284,1926,78,484,98,1818,99.0,99.5,0.1,454,427
285,1928,80,484,98,1812,99.0,99.5,0.1,454,427
286,1926,82,484,98,1812,99.0,99.5,0.1,468,427
287,1926,82,484,98,1812,99.0,99.5,0.1,468,418
288,1928,76,483,98,1804,99.0,99.0,0.0,454,418
289,1928,78,483,98,1806,99.0,99.5,0.1,454,422
290,1926,82,483,98,1809,99.0,99.5,0.1,454,422
291,1926,82,483,98,1809,99.0,99.5,0.1,454,436
292,1925,80,483,98,1810,99.0,99.5,0.0,454,436
293,1928,86,483,98,1797,99.0,99.5,0.0,468,418
294,1928,86,483,98,1797,99.0,99.5,0.0,468,418
295,1928,82,484,98,1813,99.0,99.5,-0.7,458,422
296,1926,76,484,98,1800,99.0,99.5,0.1,458,418
297,1926,82,485,98,1817,99.0,99.5,0.0,468,418
298,1926,82,486,98,1810,99.0,99.5,0.0,468,414
299,1926,82,486,98,1810,99.0,99.5,0.0,445,414
300,1928,78,486,98,1820,99.0,99.5,0.0,445,409
301,1928,78,486,98,1820,99.0,99.5,0.0,445,409
302,1926,80,486,98,1822,99.0,99.5,0.1,468,422
303,1926,80,486,98,1822,99.0,99.5,0.1,468,414
304,1928,80,486,98,1810,99.0,99.5,0.0,449,414
305,1928,82,486,98,1812,99.0,99.5,0.1,449,431
306,1928,80,486,98,1814,99.0,99.5,0.1,449,431
307,1928,74,486,98,1822,99.0,99.5,0.0,449,418
308,1928,74,486,98,1822,99.0,99.5,0.0,458,418
309,1926,82,487,98,1817,99.0,99.5,0.1,458,414
310,1926,80,487,98,1824,99.0,99.5,0.0,445,409
311,1928,76,486,98,1816,99.0,99.5,0.0,445,409
312,1926,76,484,98,1818,99.0,99.5,0.1,445,414
313,1929,80,483,98,1810,99.0,99.5,0.0,458,414
314,1926,76,482,98,1818,99.0,99.5,0.1,458,422
315,1926,76,482,98,1818,99.0,99.5,0.1,458,422
316,1926,84,482,98,1816,99.0,99.5,0.0,458,422
317,1926,80,481,98,1812,99.0,99.5,0.1,468,422
318,1928,78,481,98,1816,99.0,99.5,0.0,468,431
319,1928,78,482,98,1810,99.0,99.5,0.1,449,422
320,1928,78,482,98,1810,99.0,99.5,0.1,449,422
321,1928,82,480,98,1810,99.0,99.5,0.1,458,431
322,1928,80,480,98,1814,99.0,99.5,0.1,468,431
323,1928,82,482,98,1817,99.0,99.5,0.1,468,427
324,1928,82,482,98,1817,99.0,99.5,0.1,454,427
325,1929,80,481,98,1817,99.0,99.5,0.0,454,422
326,1926,80,480,98,1812,99.0,99.5,-0.7,468,414
327,1926,80,480,98,1812,99.0,99.5,-0.7,468,414
328,1926,84,482,98,1810,99.0,99.5,0.0,463,404
329,1928,82,482,98,1820,99.0,99.5,0.1,468,404
330,1928,78,482,98,1816,99.0,99.5,0.1,468,431
331,1928,78,482,98,1816,99.0,99.5,0.1,458,431
332,1926,80,482,98,1813,99.0,99.5,0.0,458,422
333,1926,76,482,98,1806,99.0,99.5,0.1,454,427
334,1926,76,482,98,1806,99.0,99.5,0.1,454,427
335,1926,86,484,98,1816,99.0,99.5,0.0,463,418
336,1926,80,484,98,1806,99.0,99.5,0.0,445,418
337,1926,84,485,98,1800,99.0,99.5,0.1,445,414
338,1926,84,484,98,1810,99.0,99.5,0.0,458,414
339,1928,78,484,98,1804,99.0,99.5,0.1,458,431
340,1926,84,484,98,1799,99.0,99.5,0.1,445,427
341,1926,78,484,98,1803,99.0,99.5,0.1,445,427
342,1928,80,484,98,1806,99.0,99.5,-0.7,458,414
343,1926,82,484,98,1799,99.0,99.5,0.1,454,414
344,1926,86,485,98,1805,99.0,99.5,0.0,454,431
345,1926,84,485,98,1808,99.0,99.0,0.1,468,431
346,1928,84,484,98,1796,99.0,99.5,0.1,468,431
347,1928,84,483,98,1799,99.0,99.5,0.0,458,409
348,1926,82,482,98,1791,99.0,99.5,0.1,458,409
349,1928,88,483,98,1792,99.0,99.5,0.0,458,427
350,1926,80,484,98,1796,99.0,99.0,0.0,458,427
351,1926,78,484,98,1792,99.0,99.5,0.0,458,436
352,1926,86,484,98,1787,99.0,99.5,0.1,449,436
353,1926,84,484,98,1778,99.0,99.5,-0.7,449,418
354,1926,82,483,98,1750,99.0,99.5,0.1,445,418
355,1928,86,483,98,1715,99.0,99.5,0.1,445,418
356,1926,84,480,98,1703,99.0,99.5,0.1,445,414
357,1612,84,480,74,1680,99.0,99.5,-0.7,463,414
358,1607,74,478,73,1633,99.0,99.5,0.0,463,418
359,1609,74,476,73,1602,99.0,99.5,-0.7,472,418
360,1607,66,473,73,1598,99.5,99.5,0.0,472,414
361,1607,70,473,73,1608,99.5,99.5,0.0,454,422
362,1607,66,474,73,1630,99.5,99.5,0.0,454,422
363,1607,62,475,73,1636,99.5,100.0,0.0,454,431
364,1607,60,477,73,1631,99.5,100.0,0.0,454,431
365,1605,54,477,73,1613,99.5,100.0,-0.7,454,418
366,1607,52,477,73,1604,99.5,100.0,-0.7,454,418
367,1607,54,477,73,1607,99.5,100.0,0.0,454,404
368,1607,54,476,73,1604,99.5,100.0,-0.7,445,418
369,1606,50,476,73,1594,99.5,100.0,0.0,445,418
370,1607,50,476,73,1596,99.5,100.0,-0.7,449,414
371,1607,50,476,73,1595,99.5,100.0,0.0,449,414
372,1607,46,475,73,1601,99.5,100.0,-0.7,449,422
373,1607,46,476,73,1601,99.5,100.0,0.1,431,422
374,1606,50,477,73,1612,99.5,100.0,-0.7,431,395
375,1607,50,476,73,1608,99.5,100.0,0.0,436,400
376,1605,46,477,73,1619,99.5,100.0,0.0,436,400
377,1607,48,477,73,1612,99.5,100.0,0.0,441,395
378,1607,44,477,73,1611,99.5,100.0,0.0,445,395
379,1607,48,477,73,1610,99.5,100.0,0.0,445,395
380,1607,44,477,73,1606,99.5,100.0,0.0,427,395
381,1607,46,477,73,1608,99.5,100.0,0.0,427,400
382,1607,48,477,73,1609,99.5,100.0,0.0,441,390
383,1607,46,477,73,1602,99.5,100.0,0.0,441,390
384,1607,48,476,73,1608,99.5,100.0,-0.7,441,395
385,1607,48,476,73,1603,99.5,100.0,0.0,441,395
386,1610,44,476,74,1601,99.5,100.0,0.0,441,404
387,1607,44,476,73,1605,100.0,100.0,0.0,422,404
388,1607,48,476,73,1601,99.5,100.0,0.0,422,400
389,1607,46,475,73,1603,99.5,100.0,-0.7,436,409
390,1607,46,475,73,1599,99.5,100.0,0.0,436,409
391,1607,46,475,73,1599,99.5,100.0,0.0,441,414
392,1607,48,475,73,1609,99.5,100.0,0.0,418,414
393,1606,44,475,73,1602,99.5,100.0,0.0,418,390
394,1609,48,474,73,1600,99.5,100.0,0.1,418,390
395,1607,46,474,73,1601,99.5,100.0,-0.7,418,386
396,1607,48,474,73,1606,99.5,100.0,-0.7,436,400
397,1608,48,474,73,1599,99.5,100.0,-0.7,436,400
398,1607,48,474,73,1609,99.5,100.0,-0.7,441,400
399,1607,48,474,73,1610,99.5,100.0,0.0,427,400
400,1607,48,474,73,1604,99.5,100.0,-0.7,427,386
401,1607,46,474,73,1608,99.5,100.0,-0.7,445,386
402,1605,48,475,73,1600,99.5,100.0,0.0,445,395
403,1607,46,474,73,1595,99.5,100.0,-0.7,436,400
404,1607,48,473,73,1596,99.5,100.0,-0.7,436,400
405,932,44,475,22,1549,99.5,100.0,0.1,436,414
406,849,36,472,15,1395,100.0,100.0,0.1,436,414
407,848,34,472,15,1293,100.0,100.0,0.1,436,404
408,847,30,460,15,1211,100.0,100.0,0.1,427,404
409,847,24,438,15,1145,100.5,100.5,0.0,427,400
410,849,20,424,15,1080,100.5,100.5,0.0,404,373
411,847,18,413,15,1036,100.5,100.5,-0.7,404,373
412,847,14,404,15,995,100.5,100.5,0.0,382,359
413,847,12,395,15,961,100.5,100.5,0.1,373,359
414,847,14,387,15,927,100.5,100.5,0.0,373,354
415,847,12,387,15,899,100.5,100.5,0.0,373,354
416,847,10,374,15,877,100.5,100.5,0.1,373,354
417,847,10,368,15,853,100.5,100.5,0.1,349,345
418,847,10,362,15,834,100.5,100.5,0.0,349,345
419,847,8,357,15,817,100.5,100.5,0.0,354,327
420,847,8,352,15,822,100.5,100.5,-0.7,340,327
421,847,8,350,15,842,100.5,100.5,0.1,340,332
422,847,6,350,15,848,100.5,100.5,0.1,345,332
423,847,6,351,15,850,100.5,100.5,-0.7,345,318
424,847,4,351,15,848,100.5,100.5,-0.7,349,322
425,849,6,351,15,846,100.5,100.5,0.0,349,322
426,847,4,351,15,846,100.5,100.5,0.0,340,318
427,847,4,350,15,845,100.5,100.5,-0.7,327,318
428,847,4,350,15,844,100.5,100.5,0.0,327,318
429,871,4,349,17,851,100.5,100.5,0.1,313,318
430,849,4,350,15,857,100.5,100.5,0.0,313,304
431,847,4,350,15,846,100.5,100.5,0.0,318,285
432,847,4,348,15,843,100.5,100.5,0.1,318,285
433,847,4,346,15,837,100.5,100.5,-0.7,322,299
434,847,4,344,15,832,100.5,100.5,0.0,304,299
435,847,4,341,15,827,100.5,100.5,0.0,304,271
436,847,4,339,15,834,100.5,100.5,-0.7,322,271
437,847,4,337,15,836,100.5,100.5,0.1,322,299
438,847,4,337,15,845,100.5,100.5,0.0,313,276
439,847,4,337,15,842,100.5,100.5,-0.7,313,276
440,847,4,339,15,850,100.5,100.5,0.0,322,290
441,846,6,339,15,846,100.5,100.5,0.0,318,290
442,847,4,340,15,848,100.5,100.5,0.0,318,271
443,847,6,340,15,843,100.5,100.5,-0.7,304,271
444,847,4,340,15,848,100.5,100.5,0.0,304,285
445,847,6,341,15,849,100.5,100.5,0.1,318,290
446,846,6,341,15,847,100.5,100.5,-0.7,318,290
447,847,6,341,15,847,100.5,100.5,-0.7,299,276
448,847,4,341,15,849,100.5,100.5,-0.7,290,276
449,848,6,341,15,845,100.5,100.5,0.0,290,276
450,847,6,341,15,846,100.5,100.5,0.0,308,276
451,847,4,341,15,846,100.5,100.5,-0.7,308,271
452,847,6,341,15,845,100.5,100.5,0.0,290,262
453,847,6,341,15,849,100.5,100.5,0.0,290,262
454,847,4,341,15,848,100.5,100.5,-0.7,308,271
455,847,6,341,15,847,100.5,100.5,0.1,318,271
456,847,6,340,15,846,100.5,100.5,0.0,318,266
457,846,6,341,15,847,100.5,100.5,0.0,318,266
458,846,6,340,15,847,100.5,100.5,0.0,318,276
459,846,6,340,15,849,100.5,100.5,-0.7,308,266
460,847,4,340,15,843,100.5,100.5,-0.7,308,266
461,847,6,340,15,848,100.5,100.5,0.0,290,271
462,847,6,340,15,846,100.5,100.5,0.1,308,271
463,847,4,340,15,849,100.5,100.5,0.1,308,276
464,847,6,339,15,842,100.5,100.5,0.0,308,276
465,847,6,340,15,847,100.5,100.5,0.0,308,262
466,847,4,340,15,850,100.5,100.5,0.0,308,266
467,847,4,340,15,848,100.5,100.5,0.1,308,266
468,847,6,340,15,845,100.5,100.5,-0.7,318,276
469,846,6,340,15,850,100.5,100.5,0.0,299,276
470,847,4,341,15,849,100.5,100.5,-0.7,299,257
471,847,6,341,15,848,100.5,100.5,-0.7,304,257
472,847,6,341,15,850,100.5,100.5,-0.7,304,280
473,846,6,341,15,851,100.5,100.5,0.1,313,271
474,847,6,341,15,848,100.5,100.5,0.0,313,271
475,847,4,341,15,846,100.5,100.5,-0.7,304,276
476,846,6,341,15,847,100.5,100.5,-0.7,308,276
477,847,6,341,15,848,100.5,100.5,0.0,308,280
478,846,4,341,15,844,100.5,100.5,0.1,285,280
479,847,6,341,15,848,100.5,100.5,0.0,285,257
480,847,6,340,15,849,100.5,100.5,0.0,290,252
481,847,6,340,15,844,100.5,100.5,0.1,290,252
482,847,6,341,15,847,100.5,100.5,-0.7,299,262
483,846,4,341,15,848,100.5,100.5,0.1,285,262
484,846,4,341,15,849,100.5,100.5,0.0,285,262
485,847,4,341,15,848,100.5,100.5,-0.7,285,262
486,847,4,341,15,849,100.5,100.5,0.0,285,266
487,847,6,341,15,847,100.5,100.5,0.0,290,271
488,846,6,341,15,847,100.5,100.5,0.0,290,271
489,847,6,342,15,849,100.5,100.5,0.0,313,280
490,846,4,342,15,848,100.5,100.5,0.0,285,280
491,846,6,342,15,851,100.5,100.5,0.1,285,257
492,847,6,342,15,847,100.5,100.5,0.0,290,257
493,847,4,342,15,851,100.5,100.5,0.0,290,271
494,847,2,342,15,848,100.5,100.5,0.0,304,257
495,847,4,342,15,849,100.5,100.5,0.0,304,257
496,846,4,342,15,846,100.5,100.5,0.1,299,262
497,847,4,342,15,847,100.5,100.5,0.0,299,262
498,846,4,342,15,849,100.5,100.5,0.0,299,262
499,847,6,342,15,849,100.5,100.5,0.0,285,262
500,846,4,342,15,848,100.5,100.5,0.0,285,257
501,847,6,342,15,847,100.5,100.5,0.0,304,266
502,847,6,342,15,850,100.5,100.5,0.0,304,266
503,846,4,343,15,853,100.5,100.5,0.0,304,271
504,847,4,344,15,858,100.5,100.5,0.1,276,271
505,847,4,345,15,856,100.5,100.5,-0.7,276,252
506,846,4,346,15,858,100.5,100.5,0.0,280,252
507,847,2,346,15,851,100.5,100.5,0.1,280,266
508,847,4,346,15,853,100.5,100.5,0.0,285,252
509,847,4,346,15,843,100.5,100.5,-0.7,285,252
510,847,4,345,15,848,100.5,100.5,-0.7,290,262
511,847,4,345,15,848,100.5,100.5,0.1,290,262
512,847,4,345,15,849,100.5,100.5,0.1,290,247
513,847,4,345,15,844,100.5,100.5,-0.7,271,262
514,847,4,344,15,844,100.5,100.5,0.0,271,262
515,847,4,345,15,846,100.5,100.5,0.0,276,266
516,846,4,344,15,849,100.5,100.5,0.1,266,266
517,846,4,345,15,846,100.5,100.5,0.0,266,257
518,846,2,345,15,844,100.5,100.5,0.1,271,257
519,846,2,345,15,847,100.5,100.5,0.1,271,257
520,846,2,344,15,848,100.5,100.5,-0.7,266,242
521,847,4,345,15,847,100.5,100.5,-0.7,266,242
522,846,2,344,15,847,100.5,100.5,0.0,285,242
523,846,4,344,15,848,100.5,100.5,0.0,262,242
524,846,2,344,15,841,100.5,100.5,0.0,262,242
525,847,2,343,15,846,100.5,100.5,0.0,266,242
526,846,4,342,15,838,100.5,100.5,0.0,266,262
527,846,4,341,15,840,100.5,100.5,0.0,276,233
528,846,2,341,15,839,100.5,100.5,0.0,276,233
529,846,2,340,15,840,100.5,100.5,0.0,280,237
530,847,4,339,15,837,100.5,100.5,0.0,257,237
531,846,4,339,15,834,100.5,100.5,0.0,257,252
532,847,4,337,15,828,100.5,100.5,0.0,280,252
533,847,4,336,15,833,100.5,100.5,0.0,280,237
534,847,6,333,15,829,100.5,100.5,0.0,262,233
535,846,4,332,15,843,100.5,100.5,-0.7,262,233
536,847,4,332,15,845,100.5,100.5,-0.7,271,252
537,844,6,333,15,845,100.5,100.5,0.1,285,252
538,847,6,334,15,845,100.5,100.5,0.0,285,242
539,846,6,334,15,847,100.5,100.5,-0.7,276,242
540,847,4,333,15,845,100.5,100.5,0.0,276,257
541,847,4,334,15,849,100.5,100.5,0.0,276,247
542,847,6,334,15,847,100.5,100.5,-0.7,276,247
543,847,6,335,15,851,100.5,100.5,0.0,266,237
544,846,4,335,15,845,100.5,100.5,0.0,276,237
545,846,6,336,15,851,100.5,100.5,-0.7,276,247
546,847,6,338,15,855,100.5,100.5,-0.7,299,247
547,847,4,338,15,848,100.5,100.5,0.0,299,252
548,847,6,339,15,847,100.5,100.5,0.1,276,266
549,847,6,338,15,851,100.5,100.5,0.0,276,266
550,846,4,340,15,857,100.5,100.5,-0.7,285,262
551,846,4,340,15,844,100.5,100.5,0.0,280,262
552,846,4,339,15,845,100.5,100.5,0.0,280,252
553,847,6,339,15,850,100.5,100.5,0.0,280,252
554,846,4,340,15,854,100.5,100.5,-0.7,280,242
555,846,4,341,15,851,100.5,100.5,0.0,299,247
556,847,4,341,15,848,100.5,100.5,0.0,299,247
557,847,4,340,15,843,100.5,100.5,0.0,266,257
558,847,6,340,15,846,100.5,100.5,0.0,299,257
559,847,6,340,15,847,100.5,100.5,0.0,299,247
560,846,6,339,15,847,100.5,100.5,0.1,299,247
561,847,6,339,15,838,100.5,100.5,0.0,299,262
562,846,6,336,15,833,100.5,100.5,0.0,299,257
563,845,4,336,15,848,100.5,100.5,0.1,299,257
564,847,6,336,15,852,100.5,100.5,0.0,285,242
565,847,4,337,15,853,100.5,100.5,0.1,290,242
566,847,4,338,15,847,100.5,100.5,0.0,290,257
567,1159,4,338,39,900,100.5,100.5,0.0,276,257
568,1219,6,340,44,972,100.5,100.5,-0.7,276,257
569,1219,6,348,44,1034,100.5,100.5,0.0,299,262
570,1218,6,349,44,1084,100.5,100.5,0.0,299,262
571,1217,8,363,44,1131,100.5,100.5,0.0,280,252
572,1218,6,371,44,1176,100.5,100.5,-0.7,299,252
573,1219,10,377,44,1203,100.5,100.5,0.0,299,276
574,1219,12,385,44,1238,100.5,100.5,0.0,332,276
575,1219,12,389,44,1262,100.5,100.5,-0.7,332,285
576,1219,12,395,44,1263,100.5,100.5,0.0,340,280
577,1219,14,399,44,1245,100.5,100.5,-0.7,340,280
578,1219,16,402,44,1223,100.5,100.5,-0.7,349,285
579,1219,14,403,44,1216,100.5,100.5,-0.7,336,285
580,1243,16,403,46,1211,100.5,100.5,0.0,336,308
581,1261,18,404,47,1239,100.5,100.5,0.0,354,308
582,1327,16,405,52,1270,100.5,100.5,0.0,354,313
583,1331,22,405,52,1319,100.5,100.5,0.0,354,322
584,1391,22,408,57,1349,100.5,100.5,0.0,354,322
585,1391,24,412,57,1379,100.0,100.5,-0.7,363,336
586,1392,26,418,57,1402,100.0,100.5,0.0,363,336
587,1391,28,418,57,1411,100.0,100.5,0.0,363,340
588,1430,30,422,59,1406,100.0,100.5,0.1,377,340
589,1443,32,426,61,1432,100.0,100.5,0.0,377,336
590,1442,32,433,61,1442,100.0,100.0,-0.7,386,345
591,1444,36,433,61,1451,100.0,100.0,0.1,386,345
592,1443,36,438,61,1457,100.0,100.0,0.0,404,363
593,1443,40,441,61,1458,100.0,100.0,0.0,400,363
594,1444,40,442,61,1452,100.0,100.0,0.0,400,359
595,1444,42,444,61,1453,100.0,100.0,0.0,414,359
596,1443,40,444,61,1453,100.0,100.0,0.0,414,386
597,1443,42,446,61,1456,100.0,100.0,0.1,414,395
598,1443,44,446,61,1445,100.0,100.0,0.1,414,395
599,1444,42,446,61,1445,100.0,100.0,0.0,436,400
600,1444,44,446,61,1446,100.0,100.0,0.0,414,400
601,1338,42,447,54,1430,100.0,100.0,0.0,414,395
602,1289,40,447,49,1359,100.0,100.0,0.1,436,395
603,1288,36,436,49,1318,100.0,100.0,0.0,436,409
604,1289,36,430,49,1295,100.0,100.5,0.0,431,395
605,1288,32,428,49,1287,100.0,100.5,0.0,431,395
606,1290,32,425,49,1283,100.0,100.5,0.1,431,386
607,1290,34,424,49,1278,100.0,100.5,-0.7,418,386
608,1290,30,420,49,1278,100.0,100.5,0.0,418,390
609,1288,28,419,49,1281,100.0,100.5,0.1,422,390
610,1289,32,417,49,1284,100.0,100.5,0.0,422,400
611,1290,30,418,49,1288,100.0,100.5,0.0,431,400
612,1290,28,416,49,1285,100.0,100.5,0.0,431,400
613,1289,28,417,49,1283,100.0,100.5,0.0,409,404
614,1290,28,416,49,1289,100.0,100.5,0.0,418,404
615,1290,26,417,49,1286,100.0,100.5,0.0,418,395
616,1288,28,415,49,1289,100.0,100.5,0.0,431,395
617,1289,28,416,49,1287,100.0,100.5,0.0,431,390
618,1290,28,416,49,1283,100.0,100.5,0.0,431,400
619,1290,28,416,49,1286,100.0,100.5,0.0,431,400
620,1289,26,417,49,1287,100.0,100.5,0.0,431,390
621,1289,30,416,49,1289,100.0,100.5,0.0,427,390
622,1290,26,417,49,1293,100.0,100.5,0.0,427,390
623,1290,30,416,49,1290,100.0,100.5,0.0,414,390
624,1290,26,417,49,1291,100.0,100.5,0.0,414,390
625,1288,30,416,49,1284,100.0,100.5,-0.7,431,409
626,1289,28,416,49,1290,100.0,100.5,0.0,431,409
627,1290,28,416,49,1293,100.0,100.5,0.1,436,404
628,1288,28,415,49,1291,100.5,100.5,0.0,422,404
629,1290,28,417,49,1291,100.0,100.5,-0.7,422,400
630,1288,26,416,49,1292,100.0,100.5,0.0,414,400
631,1288,28,418,49,1294,100.0,100.5,0.0,414,409
632,1290,28,417,49,1287,100.5,100.5,0.0,436,418
633,1290,30,417,49,1292,100.5,100.5,0.0,436,418
634,1291,28,417,49,1293,100.0,100.5,0.0,418,414
635,1290,28,418,49,1293,100.0,100.5,0.0,418,414
636,1289,26,416,49,1290,100.0,100.5,-0.7,418,395
637,1290,28,415,49,1295,100.5,100.5,0.1,422,395
638,1288,26,417,49,1287,100.0,100.5,0.1,422,400
639,1289,30,417,49,1293,100.0,100.5,0.0,414,395
640,1289,26,417,49,1290,100.0,100.5,0.0,414,395
641,1290,28,417,49,1290,100.0,100.5,-0.7,431,404
642,1290,26,416,49,1292,100.0,100.5,-0.7,441,404
643,1289,28,417,49,1290,100.5,100.5,-0.7,441,400
644,1290,26,415,49,1291,100.0,100.5,0.0,436,400
645,1290,30,416,49,1285,100.5,100.5,-0.7,436,400
646,1290,26,416,49,1293,100.5,100.5,0.1,422,395
647,1290,28,416,49,1292,100.0,100.5,0.0,422,395
648,1290,28,416,49,1289,100.5,100.5,0.0,431,404
649,1289,30,416,49,1293,100.0,100.5,-0.7,427,404
650,1291,30,415,49,1291,100.0,100.5,-0.7,427,395
651,1289,28,417,49,1291,100.0,100.5,0.1,422,395
652,1288,28,415,49,1289,100.0,100.5,0.0,422,409
653,1006,26,418,27,1253,100.5,100.5,0.0,441,409
654,941,26,413,22,1104,100.5,100.5,0.0,441,409
655,942,20,405,22,1020,100.5,100.5,-0.7,414,400
656,941,18,395,22,966,100.5,100.5,0.1,427,400
657,942,18,386,22,937,100.5,100.5,0.0,427,404
658,941,14,385,22,928,100.5,100.5,0.1,418,404
659,941,14,374,22,925,100.5,100.5,0.0,418,382
660,941,14,370,22,926,100.5,100.5,0.0,409,382
661,941,12,367,22,930,100.5,100.5,-0.7,409,373
662,941,12,365,22,935,100.5,100.5,0.0,404,373
663,941,12,364,22,934,100.5,100.5,0.1,404,390
664,941,12,364,22,938,100.5,100.5,0.1,404,390
665,941,10,364,22,936,100.5,100.5,0.0,395,382
666,941,12,363,22,939,100.5,100.5,-0.7,395,359
667,941,10,363,22,936,100.5,100.5,-0.7,382,359
668,941,10,363,22,941,100.5,100.5,0.0,382,359
669,941,10,362,22,939,100.5,100.5,0.0,382,359
670,941,8,363,22,943,100.5,100.5,0.0,382,354
671,941,8,363,22,944,100.5,100.5,0.0,382,354
672,942,8,363,22,944,100.5,100.5,0.0,368,368
673,942,10,363,22,942,100.5,100.5,-0.7,368,368
674,941,8,363,22,942,100.5,100.5,0.1,368,363
675,942,8,363,22,940,100.5,100.5,0.0,368,340
676,941,10,363,22,939,100.5,100.5,0.0,377,340
677,942,10,363,22,939,100.5,100.5,0.1,377,332
678,881,8,363,18,921,100.5,100.5,-0.7,373,332
679,873,8,361,17,887,100.5,100.5,0.0,363,336
680,852,8,358,16,855,100.5,100.5,-0.7,363,336
681,852,8,353,16,836,100.5,100.5,0.0,359,340
682,852,8,347,16,831,100.5,100.5,0.1,359,332
683,852,8,347,16,837,100.5,100.5,-0.7,349,332
684,852,8,343,16,842,100.5,100.5,0.0,349,345
685,852,8,340,16,837,100.5,100.5,0.1,336,345
686,1143,8,333,38,862,100.5,100.5,-0.7,345,336
687,1243,8,334,46,933,100.5,100.5,0.1,345,336
688,1250,10,340,46,991,100.5,100.5,0.0,359,332
689,1250,10,347,46,1034,100.5,100.5,0.1,359,327
690,1251,10,355,46,1077,100.5,100.5,0.0,354,327
691,1251,14,355,46,1110,100.5,100.5,0.1,354,327
692,1250,12,360,46,1134,100.5,100.5,0.0,377,327
693,1250,16,366,46,1152,100.5,100.5,0.0,373,336
694,1253,16,378,46,1172,100.5,100.5,0.0,373,336
695,1253,16,382,46,1186,100.5,100.5,-0.7,377,336
696,1251,18,385,46,1197,100.5,100.5,0.0,377,345
697,1251,18,388,46,1206,100.5,100.5,0.0,390,345
698,1250,20,392,46,1213,100.5,100.5,0.0,390,377
699,1253,20,392,46,1226,100.5,100.5,0.0,404,377
700,1253,24,393,46,1256,100.5,100.5,0.0,414,377
701,1250,24,397,46,1267,100.5,100.5,0.0,414,377
702,1253,28,401,46,1279,100.5,100.5,-0.7,427,395
703,1252,28,403,46,1272,100.5,100.5,0.0,427,377
704,1252,26,405,46,1263,100.0,100.5,-0.7,441,377
705,1250,26,405,46,1245,100.0,100.5,0.0,441,382
706,1253,30,405,46,1242,100.5,100.5,-0.7,431,382
707,1252,28,406,46,1248,100.5,100.5,0.0,441,404
708,1250,28,406,46,1238,100.5,100.5,-0.7,441,404
709,1250,30,405,46,1243,100.5,100.5,0.0,445,395
710,1251,30,406,46,1242,100.5,100.5,0.0,445,418
711,1250,30,406,46,1248,100.0,100.5,0.0,441,418
712,1253,30,406,46,1243,100.5,100.5,-0.7,441,414
713,1251,30,406,46,1250,100.5,100.5,0.0,445,414
714,1252,30,406,46,1248,100.5,100.5,0.0,449,409
715,1250,30,406,46,1255,100.5,100.5,0.0,449,409
716,1251,32,407,46,1256,100.0,100.5,0.0,431,409
717,1253,32,407,46,1257,100.0,100.5,0.0,431,422
718,1250,32,408,46,1257,100.0,100.5,-0.7,436,422
719,1253,30,408,46,1261,100.0,100.5,0.0,436,414
720,1251,32,408,46,1262,100.0,100.5,0.0,463,414
721,1251,32,408,46,1256,100.0,100.5,0.0,449,441
722,1251,30,409,46,1254,100.5,100.5,0.0,449,441
723,1251,32,408,46,1259,100.0,100.5,0.0,458,422
724,1250,30,409,46,1261,100.5,100.5,-0.7,458,436
725,1253,32,409,46,1261,100.5,100.5,0.0,463,436
726,1252,28,409,46,1262,100.0,100.5,0.0,463,431
727,1251,26,410,46,1267,100.0,100.5,0.0,441,431
728,1252,30,412,46,1270,100.0,100.5,0.0,449,436
729,1253,28,411,46,1271,100.5,100.5,0.0,449,436
730,1252,28,411,46,1266,100.5,100.5,-0.7,445,422
731,1250,28,412,46,1267,100.5,100.5,0.0,445,436
732,1252,26,413,46,1266,100.5,100.5,0.1,436,436
733,1252,26,413,46,1259,100.5,100.5,0.0,436,431
734,1250,24,413,46,1260,100.0,100.5,-0.7,458,431
735,1250,28,413,46,1258,100.5,100.5,0.0,436,436
736,1253,26,413,46,1257,100.5,100.5,0.0,436,436
737,1250,26,413,46,1252,100.5,100.5,0.0,449,422
738,1252,22,412,46,1251,100.5,100.5,0.0,449,427
739,1253,24,412,46,1251,100.5,100.5,0.0,431,427
740,1251,24,412,46,1255,100.5,100.5,-0.7,431,409
741,1251,24,412,46,1253,100.5,100.5,-0.7,422,409
742,1250,24,411,46,1246,100.5,100.5,0.0,441,427
743,1253,24,411,46,1248,100.5,100.5,0.0,441,427
744,1253,24,411,46,1241,100.5,100.5,0.1,431,400
745,1253,24,411,46,1234,100.5,100.5,0.0,431,414
746,1252,22,408,46,1234,100.5,100.5,-0.7,427,414
747,1251,24,407,46,1232,100.5,100.5,0.0,427,409
748,1253,26,407,46,1240,100.5,100.5,0.0,422,409
749,1253,26,407,46,1250,100.5,100.5,0.0,436,414
750,1251,26,408,46,1256,100.5,100.5,0.0,436,414
751,1253,26,408,46,1260,100.5,100.5,0.0,445,418
752,1252,28,408,46,1252,100.5,100.5,0.0,445,418
753,1250,28,408,46,1250,100.5,100.5,0.0,422,418
754,1253,28,408,46,1255,100.5,100.5,-0.7,422,418
755,1250,30,407,46,1260,100.5,100.5,-0.7,436,418
756,1254,26,408,46,1257,100.5,100.5,-0.7,449,414
757,1253,26,408,46,1262,100.5,100.5,0.0,449,414
758,1251,28,409,46,1257,100.5,100.5,0.0,431,427
759,1250,28,410,46,1256,100.5,100.5,0.0,431,409
760,1242,28,411,45,1258,100.5,100.5,0.0,441,409
761,1240,28,410,45,1262,100.5,100.5,-0.7,441,418
762,1241,24,411,45,1256,100.5,100.5,0.0,449,418
763,1241,26,412,45,1259,100.5,100.5,0.0,445,427
764,1240,26,412,45,1258,100.5,100.5,0.0,445,427
765,1241,26,412,45,1257,100.5,100.5,0.0,427,409
766,1240,24,412,45,1253,100.5,100.5,0.0,427,422
767,1243,24,412,46,1251,100.5,100.5,0.0,427,422
768,1241,26,411,45,1248,100.5,100.5,0.0,427,418
769,1240,22,411,45,1246,100.5,100.5,-0.7,427,418
770,1243,22,410,46,1240,100.5,100.5,-0.7,427,418
771,1241,22,410,45,1243,100.5,100.5,0.0,427,418
772,1240,20,410,45,1238,100.5,100.5,0.0,436,400
773,1241,18,410,45,1243,100.5,100.5,0.0,436,400
774,1241,22,409,45,1238,100.5,100.5,0.0,418,400
775,1241,22,410,45,1240,100.5,100.5,0.0,418,404
776,1243,24,410,46,1245,100.5,100.5,-0.7,427,404
777,1240,20,410,45,1245,100.5,100.5,-0.7,422,395
778,1243,20,410,45,1245,100.5,100.5,0.0,422,395
779,1240,20,410,45,1245,100.5,100.5,0.0,422,390
780,1243,18,410,45,1245,100.5,100.5,-0.7,422,400
781,1240,20,410,45,1239,100.5,100.5,0.0,414,400
782,1243,22,409,46,1237,100.5,100.5,-0.7,414,404
783,1241,20,410,46,1245,100.5,100.5,-0.7,404,404
784,1240,22,410,45,1246,100.5,100.5,-0.7,414,382
785,1241,20,410,45,1246,100.5,100.5,0.1,414,382
786,1240,20,411,45,1248,100.5,100.5,-0.7,422,382
787,1243,20,410,46,1237,100.5,100.5,0.0,422,386
788,1241,20,409,45,1240,100.5,100.5,-0.7,422,386
789,1241,18,409,45,1240,100.5,100.5,0.0,422,386
790,1240,20,409,45,1239,100.5,100.5,-0.7,409,386
791,1241,20,410,45,1242,100.5,100.5,0.0,414,382
792,1241,20,410,45,1238,100.5,100.5,-0.7,414,382
793,1240,20,409,45,1242,100.5,100.5,-0.7,400,390
794,1243,18,409,46,1242,100.5,100.5,0.0,400,390
795,1241,18,409,45,1243,100.5,100.5,0.0,400,390
796,1241,22,410,45,1238,100.5,100.5,0.0,400,377
797,1240,18,409,45,1245,100.5,100.5,0.1,400,377
798,1241,20,409,45,1238,100.5,100.5,0.0,404,368
799,1239,22,409,45,1239,100.5,100.5,0.0,404,368
800,1241,22,409,45,1244,100.5,100.5,-0.7,395,377
801,1240,20,410,45,1246,100.5,100.5,-0.7,395,368
802,1241,20,410,45,1242,100.5,100.5,-0.7,414,368
803,1240,18,410,45,1245,100.5,100.5,0.0,414,377
804,1241,18,410,46,1246,100.5,100.5,0.0,400,377
805,1240,18,410,45,1246,100.5,100.5,-0.7,400,373
806,1240,18,410,45,1241,100.5,100.5,0.0,400,373
807,1241,20,410,46,1242,100.5,100.5,0.0,395,363
808,1241,20,410,45,1241,100.5,100.5,0.0,395,359
809,1242,20,410,45,1242,100.5,100.5,0.0,409,359
810,1240,20,409,45,1245,100.5,100.5,0.0,409,368
811,1240,20,409,45,1241,100.5,100.5,0.0,400,368
812,1240,20,409,45,1237,100.5,100.5,0.0,395,373
813,1241,18,410,45,1243,100.5,100.5,0.0,395,373
814,1243,16,410,46,1243,100.5,100.5,-0.7,382,373
815,1243,20,410,46,1243,100.5,100.5,0.0,382,382
816,1243,18,410,45,1238,100.5,100.5,0.0,390,382
817,1241,20,410,45,1243,100.5,100.5,0.0,390,368
818,1241,20,410,45,1243,100.5,100.5,-0.7,404,368
819,1241,20,410,45,1243,100.5,100.5,-0.7,400,382
820,1240,18,410,45,1239,100.5,100.5,0.0,400,382
821,1241,20,409,45,1242,100.5,100.5,0.0,386,377
822,1240,18,410,45,1241,100.5,100.5,0.0,386,377
823,1241,18,410,45,1238,100.5,100.5,0.0,400,377
824,1241,18,409,45,1239,100.5,100.5,0.0,400,363
825,1241,20,410,45,1244,100.5,100.5,0.0,400,363
826,1241,20,410,45,1242,100.5,100.5,-0.7,395,373
827,1241,20,410,45,1238,100.5,100.5,0.0,395,373
828,1240,20,410,45,1238,100.5,100.5,0.0,377,354
829,1243,20,410,46,1245,100.5,100.5,0.0,377,373
830,1241,18,410,45,1238,100.5,100.5,-0.7,390,373
831,1241,16,410,45,1245,100.5,100.5,-0.7,390,373
832,1241,18,410,45,1245,100.5,100.5,0.0,400,373
833,1240,20,410,45,1243,100.5,100.5,-0.7,400,373
834,1243,18,409,46,1245,100.5,100.5,0.0,382,373
835,1241,18,410,45,1238,100.5,100.5,0.0,382,373
836,1241,18,410,45,1245,100.5,100.5,0.0,382,349
837,1241,16,410,46,1242,100.5,100.5,0.0,382,349
838,1113,18,411,36,1233,100.5,100.5,0.0,382,349
839,849,16,411,15,1130,100.5,100.5,0.1,382,349
840,847,14,409,15,1031,100.5,100.5,0.0,377,349
841,847,14,394,15,963,100.5,100.5,0.1,377,349
842,846,14,383,15,887,100.5,100.5,-0.7,386,354
843,847,12,374,15,854,100.5,100.5,0.1,354,354
844,847,12,366,15,839,100.5,100.5,0.0,354,336
845,847,10,360,15,842,100.5,100.5,0.0,368,336
846,847,10,355,15,841,100.5,100.5,0.1,368,332
847,846,10,354,15,846,100.5,100.5,0.0,354,332
848,847,8,349,15,846,100.5,100.5,0.0,354,332
849,846,10,348,15,849,100.5,100.5,-0.7,336,332
850,846,6,348,15,846,100.5,100.5,0.0,336,336
851,847,8,347,15,847,100.5,100.5,0.0,336,336
852,846,6,347,15,849,100.5,100.5,0.0,332,332
853,847,8,346,15,849,100.5,100.5,-0.7,332,332
854,846,8,346,15,845,100.5,100.5,0.1,345,308
855,848,6,346,15,844,100.5,100.5,0.0,345,313
856,846,6,345,15,849,100.5,100.5,-0.7,332,313
857,847,6,345,15,847,100.5,100.5,0.0,332,308
858,846,6,345,15,849,100.5,100.5,0.0,318,308
859,847,6,345,15,841,100.5,100.5,0.0,318,313
860,847,6,345,15,846,100.5,100.5,-0.7,332,313
861,847,6,344,15,847,100.5,100.5,0.0,332,299
862,846,6,344,15,849,100.5,100.5,0.0,322,304
863,847,6,344,15,847,100.5,100.5,-0.7,322,304
864,847,6,345,15,848,100.5,100.5,-0.7,318,290
865,846,6,345,15,845,100.5,100.5,-0.7,318,290
866,848,4,344,15,841,100.5,100.5,0.0,318,285
867,847,4,344,15,848,100.5,100.5,0.0,318,285
868,847,4,343,15,850,100.5,100.5,0.0,313,285
869,847,4,344,15,843,100.5,100.5,0.0,318,285
870,847,4,344,15,844,100.5,100.5,0.0,318,276
871,846,6,344,15,845,100.5,100.5,0.0,304,276
872,846,6,344,15,847,100.5,100.5,0.1,304,280
873,846,4,344,15,845,100.5,100.5,0.1,304,276
874,847,4,344,15,843,100.5,100.5,-0.7,304,276
875,847,4,344,15,850,100.5,100.5,0.0,313,285
876,847,4,344,15,848,100.5,100.5,0.0,304,285
877,847,6,344,15,851,100.5,100.5,0.0,304,266
878,847,4,344,15,846,100.5,100.5,0.1,304,266
879,846,4,344,15,848,100.5,100.5,0.0,304,271
880,847,4,344,15,843,100.5,100.5,0.1,304,266
881,847,6,343,15,842,100.5,100.5,-0.7,304,266
882,847,4,343,15,849,100.5,100.5,0.1,299,276
883,847,4,343,15,847,100.5,100.5,0.0,299,276
884,847,6,343,15,851,100.5,100.5,0.0,280,280
885,853,6,344,16,852,100.5,100.5,0.0,304,280
886,853,4,344,16,851,100.5,100.5,0.0,304,257
887,853,6,344,16,850,100.5,100.5,0.1,285,257
888,853,4,344,16,846,100.5,100.5,0.0,285,247
889,853,4,344,16,851,100.5,100.5,-0.7,285,247
890,852,4,344,16,846,100.5,100.5,0.0,285,266
891,853,4,343,16,846,100.5,100.5,0.0,290,266
892,853,6,343,16,847,100.5,100.5,-0.7,290,271
893,853,4,342,16,846,100.5,100.5,-0.7,290,271
894,852,4,342,16,848,100.5,100.5,0.0,280,247
895,853,4,342,16,849,100.5,100.5,-0.7,280,247
896,853,6,343,16,854,100.5,100.5,-0.7,280,252
897,853,4,343,16,851,100.5,100.5,-0.7,280,262
898,853,4,343,16,849,100.5,100.5,0.1,285,262
899,853,4,343,16,855,100.5,100.5,-0.7,285,266
900,853,4,344,16,851,100.5,100.5,-0.7,276,266
901,852,4,344,16,851,100.5,100.5,-0.7,276,257
902,853,4,344,16,853,100.5,100.5,0.0,299,257
903,853,6,344,16,855,100.5,100.5,0.1,299,247
904,853,4,345,16,853,100.5,100.5,0.0,271,252
905,852,4,345,16,854,100.5,100.5,0.1,271,252
906,852,4,346,16,857,100.5,100.5,0.1,271,242
907,852,4,346,16,861,100.5,100.5,0.0,285,242
908,853,4,346,16,857,100.5,100.5,0.1,285,257
909,853,4,347,16,859,100.5,100.5,0.1,266,257
910,853,2,347,16,857,100.5,100.5,-0.7,266,252
911,852,4,347,16,852,100.5,100.5,0.1,266,262
912,853,4,346,16,854,100.5,100.5,-0.7,266,262
913,852,4,346,16,850,100.5,100.5,-0.7,266,262
914,852,2,345,16,850,100.5,100.5,-0.7,266,262
915,853,4,345,16,853,100.5,100.5,-0.7,285,237
916,852,4,345,16,853,100.5,100.5,0.0,285,237
917,853,2,345,16,852,100.5,100.5,0.0,266,242
918,853,4,345,16,849,100.5,100.5,-0.7,266,242
919,853,4,345,16,855,100.5,100.5,0.1,266,257
920,853,4,345,16,847,100.5,100.5,0.0,285,257
921,853,2,345,16,851,100.5,100.5,0.0,285,247
922,852,4,345,16,848,100.5,100.5,0.1,280,247
923,853,4,345,16,857,100.5,100.5,0.1,280,247
924,853,4,345,16,848,100.5,100.5,0.1,271,257
925,853,2,345,16,858,100.5,100.5,0.0,285,257
926,852,4,345,16,857,100.5,100.5,0.0,285,252
927,853,2,345,16,849,100.5,100.5,0.1,266,252
928,852,4,345,16,852,100.5,100.5,0.1,266,233
929,853,4,344,16,852,100.5,100.5,-0.7,257,242
930,852,4,345,16,854,100.5,100.5,0.0,257,242
931,853,4,345,16,850,100.5,100.5,0.0,280,247
932,853,4,345,16,855,100.5,100.5,0.0,262,247
933,853,2,345,16,853,100.5,100.5,-0.7,262,252
934,853,4,345,16,853,100.5,100.5,0.1,266,252
935,853,2,345,16,852,100.5,100.5,0.0,266,247
936,853,4,345,16,855,100.5,100.5,-0.7,262,242
937,853,2,345,16,855,100.5,100.5,-0.7,262,242
938,853,4,345,16,852,100.5,100.5,0.0,257,228
939,853,4,345,16,855,100.5,100.5,0.1,257,228
940,852,4,346,16,847,100.5,100.5,0.0,257,233
941,852,2,345,16,854,100.5,100.5,0.0,252,233
942,853,4,346,16,854,100.5,100.5,0.1,252,233
943,853,4,345,16,852,100.5,100.5,0.1,271,233
944,853,4,345,16,855,100.5,100.5,0.0,271,237
945,853,4,346,16,855,100.5,100.5,-0.7,276,247
946,852,4,346,16,855,100.5,100.5,0.1,266,247
947,853,4,346,16,849,100.5,100.5,0.1,266,242
948,852,4,346,16,851,100.5,100.5,0.0,257,242
949,853,4,346,16,855,100.5,100.5,0.1,257,233
950,852,2,345,16,853,100.5,100.5,0.0,271,233
951,853,2,346,16,852,100.5,100.5,0.0,271,247
952,852,4,345,16,853,100.5,100.5,0.0,276,223
953,852,4,346,16,853,100.5,100.5,0.1,252,223
954,853,2,346,16,851,100.5,100.5,0.0,252,228
955,852,2,346,16,855,100.5,100.5,0.1,257,228
956,853,4,346,16,852,100.5,100.5,0.0,257,233
957,853,2,346,16,852,100.5,100.5,-0.7,262,233
958,853,4,345,16,850,100.5,100.5,-0.7,262,223
959,853,4,345,16,854,100.5,100.5,-0.7,247,228
960,852,2,345,16,849,100.5,100.5,0.1,266,228
961,853,2,345,16,849,100.5,100.5,0.0,266,242
962,852,2,345,16,852,100.5,100.5,-0.7,262,242
963,852,2,345,16,855,100.5,100.5,0.0,262,242
964,853,4,345,16,845,100.5,100.5,0.0,266,242
965,853,2,345,16,854,100.5,100.5,0.0,266,233
966,852,2,345,16,849,100.5,100.5,0.0,262,233
967,853,2,345,16,850,100.5,100.5,0.0,247,218
968,853,2,345,16,851,100.5,100.5,0.0,247,218
969,853,2,345,16,851,100.5,100.5,0.1,266,223
970,852,2,345,16,855,100.5,100.5,0.0,266,223
971,853,2,345,16,851,100.5,100.5,0.0,262,242
972,852,4,346,16,856,100.5,100.5,0.1,262,242
973,852,2,346,16,858,100.5,100.5,0.0,266,242
974,852,2,346,16,854,100.5,100.5,0.0,266,218
975,852,4,346,16,852,100.5,100.5,0.0,252,218
976,853,2,345,16,854,100.5,100.5,0.0,252,223
977,852,2,346,16,849,100.5,100.5,0.0,247,223
978,852,4,345,16,851,100.5,100.5,0.1,242,218
979,852,4,345,16,853,100.5,100.5,-0.7,242,218
980,853,2,345,16,846,100.5,100.5,0.1,266,218
981,852,2,345,16,853,100.5,100.5,0.1,266,237
982,853,4,345,16,853,100.5,100.5,0.0,247,237
983,852,4,345,16,851,100.5,100.5,-0.7,247,228
984,853,2,345,16,849,100.5,100.5,-0.7,242,228
985,853,4,345,16,854,100.5,100.5,0.1,242,237
986,853,4,345,16,854,100.5,100.5,0.0,247,237
987,852,2,345,16,853,100.5,100.5,0.0,247,237
988,853,4,345,16,856,100.5,100.5,-0.7,257,228
989,852,2,346,16,853,100.5,100.5,0.0,257,228
990,853,4,346,16,854,100.5,100.5,0.1,266,228
991,853,4,346,16,852,100.5,100.5,0.1,266,228
992,852,2,346,16,852,100.5,100.5,0.0,252,237
993,853,2,345,16,850,100.5,100.5,0.0,252,237
994,853,4,344,16,849,100.5,100.5,0.0,247,228
995,853,4,345,16,855,100.5,100.5,0.1,266,228
996,853,2,345,16,853,100.5,100.5,0.0,266,223
997,853,4,345,16,851,100.5,100.5,-0.7,262,223
998,852,4,345,16,847,100.5,100.5,0.0,262,233
999,853,2,345,16,855,100.5,100.5,0.0,252,233
1000,852,4,345,16,849,100.5,100.5,0.0,252,233
1001,853,2,345,16,855,100.5,100.5,-0.7,252,223
1002,853,2,345,16,853,100.5,100.5,0.0,266,223
1003,853,4,345,16,853,100.5,100.5,0.0,266,213
1004,853,4,345,16,851,100.5,100.5,0.1,247,213
1005,853,2,346,16,855,100.5,100.5,-0.7,247,218
1006,853,4,345,16,856,100.5,100.5,0.0,247,228
1007,853,4,345,16,850,100.5,100.5,0.0,247,228
1008,852,2,346,16,855,100.5,100.5,0.0,252,228
1009,853,2,345,16,853,100.5,100.5,0.0,262,228
1010,853,2,345,16,849,100.5,100.5,0.0,262,223
1011,853,2,345,16,849,100.5,100.5,0.0,237,223
1012,852,2,344,16,854,100.5,100.5,0.0,237,228
1013,853,4,345,16,848,100.5,100.5,0.0,242,237
1014,853,2,344,16,851,100.5,100.5,0.0,242,237
1015,853,4,344,16,856,100.5,100.5,0.0,257,208
1016,852,4,344,16,853,100.5,100.5,0.0,257,208
1017,850,2,344,16,856,100.5,100.5,0.0,257,213
1018,852,2,344,16,851,100.5,100.5,-0.7,262,213
1019,853,4,344,16,856,100.5,100.5,0.0,262,213
1020,853,4,344,16,851,100.5,100.5,0.0,257,213
1021,853,2,345,16,852,100.5,100.5,0.0,257,213
1022,853,2,345,16,855,100.5,100.5,0.0,257,228
1023,852,4,344,16,852,100.5,100.5,0.1,262,228
1024,853,2,345,16,855,100.5,100.5,0.0,262,218
1025,853,2,344,16,855,100.5,100.5,0.0,237,218
1026,853,2,345,16,855,100.5,100.5,0.0,237,213
1027,853,2,345,16,851,100.5,100.5,-0.7,237,213
1028,852,4,345,16,847,100.5,100.5,0.0,237,233
1029,853,4,344,16,852,100.5,100.5,0.0,247,233
1030,853,4,344,16,851,100.5,100.5,0.0,262,208
1031,853,4,344,16,853,100.5,100.5,0.0,262,208
1032,853,4,344,16,855,100.5,100.5,0.0,247,213
1033,852,4,344,16,850,100.5,100.5,0.0,247,213
1034,852,4,344,16,847,100.5,100.5,0.0,252,223
1035,852,4,344,16,851,100.5,100.5,-0.7,252,223
1036,852,2,344,16,849,100.5,100.5,-0.7,252,228
1037,852,4,345,16,850,100.5,100.5,0.1,252,218
1038,852,4,345,16,853,100.5,100.5,0.0,257,218
1039,852,4,345,16,854,100.5,100.5,0.0,257,228
1040,852,2,345,16,849,100.5,100.5,0.0,257,228
1041,852,4,345,16,852,100.5,100.5,0.0,252,208
1042,852,4,345,16,854,100.5,100.5,0.0,252,208
1043,852,4,345,16,852,100.5,100.5,0.0,252,228
1044,852,4,345,16,851,100.5,100.5,0.0,252,228
1045,852,2,345,16,852,100.5,100.5,0.1,257,228
1046,852,2,345,16,856,100.5,100.5,0.0,257,218
1047,852,2,345,16,851,100.5,100.5,-0.7,257,218
1048,852,2,345,16,855,100.5,100.5,0.0,233,213
1049,852,4,345,16,856,100.5,100.5,0.0,233,213
1050,853,2,345,16,854,100.5,100.5,0.0,252,218
1051,853,4,346,16,852,100.5,100.5,0.0,252,223
1052,852,2,345,16,851,100.5,100.5,0.0,233,223
1053,852,2,345,16,851,100.5,100.5,0.0,233,213
1054,852,2,345,16,849,100.5,100.5,0.0,247,213
1055,852,4,345,16,852,100.5,100.5,0.0,247,218
1056,853,4,345,16,853,100.5,100.5,0.0,247,218
1057,852,4,345,16,851,100.5,100.5,0.0,252,233
1058,852,2,345,16,848,100.5,100.5,0.0,252,228
1059,852,2,345,16,855,100.5,100.5,0.0,237,228
1060,852,2,345,16,849,100.5,100.5,0.0,237,228
1061,853,2,345,15,854,100.5,100.5,-0.7,247,228
1062,852,2,345,16,853,100.5,100.5,0.0,242,228
1063,852,4,345,16,854,100.5,100.5,0.0,242,228
1064,852,4,345,16,852,100.5,100.5,0.0,257,223
1065,852,2,346,16,854,100.5,100.5,0.1,257,213
1066,852,4,345,16,854,100.5,100.5,0.1,237,213
1067,852,4,345,16,849,100.5,100.5,0.1,237,218
1068,852,4,345,16,853,100.5,100.5,0.1,237,218
1069,852,2,344,16,851,100.5,100.5,-0.7,237,208
1070,853,4,344,16,848,100.5,100.5,-0.7,233,208
1071,852,4,344,16,851,100.5,100.5,0.0,233,223
1072,853,4,344,16,852,100.5,100.5,0.0,247,204
1073,852,4,344,16,857,100.5,100.5,0.0,247,204
1074,853,2,344,16,852,100.5,100.5,0.0,233,218
1075,852,4,344,16,854,100.5,100.5,0.1,233,218
1076,852,2,344,16,856,100.5,100.5,0.0,252,218
1077,853,4,345,16,850,100.5,100.5,0.0,252,218
1078,852,2,345,16,848,100.5,100.5,-0.7,257,208
1079,852,2,345,16,854,100.5,100.5,0.0,252,208
1080,852,4,345,16,846,100.5,100.5,0.0,252,213
1081,852,2,345,16,853,100.5,100.5,0.0,257,213
1082,852,4,345,16,850,100.5,100.5,0.0,257,218
1083,852,2,345,16,854,100.5,100.5,0.0,247,223
1084,852,2,345,16,856,100.5,100.5,0.0,247,223
1085,852,2,344,16,856,100.5,100.5,0.0,247,213
1086,852,4,344,16,854,100.5,100.5,0.1,242,213
1087,852,2,344,16,853,100.5,100.5,0.0,242,208
1088,852,4,344,16,853,100.5,100.5,0.1,247,208
1089,852,4,345,16,855,100.5,100.5,0.1,247,208
1090,852,4,344,16,852,100.5,100.5,0.0,247,204
1091,852,2,344,16,852,100.5,100.5,-0.7,247,204
1092,852,4,345,16,854,100.5,100.5,0.0,237,228
1093,852,4,345,16,854,100.5,100.5,0.0,237,228
1094,852,4,345,16,849,100.5,100.5,0.0,237,204
1095,852,2,346,16,854,100.5,100.5,0.0,252,204
1096,852,2,345,16,855,100.5,100.5,0.0,252,223
1097,852,2,346,16,851,100.5,100.5,0.0,233,204
1098,852,2,346,16,849,100.5,100.5,0.0,233,204
1099,852,4,346,16,849,100.5,100.5,0.0,228,208
1100,853,4,344,16,842,100.5,100.5,0.0,237,208
1101,852,2,343,16,849,100.5,100.5,0.0,237,213
1102,852,4,343,16,846,100.5,100.5,0.0,233,213
1103,852,6,343,16,849,100.5,100.5,-0.7,233,223
1104,852,2,342,16,847,100.5,100.5,0.1,237,218
1105,852,0,343,16,848,100.5,100.5,0.1,237,218
1106,852,2,343,16,852,100.5,100.5,0.0,242,213
1107,852,4,343,16,852,100.5,100.5,0.0,242,213
1108,852,4,343,16,851,100.5,100.5,-0.7,242,223
1109,852,2,343,16,852,100.5,100.5,0.0,237,223
1110,852,4,343,16,855,100.5,100.5,0.0,237,199
1111,852,2,343,16,849,100.5,100.5,0.0,247,199
1112,852,2,343,16,849,100.5,100.5,0.0,247,204
1113,852,2,342,16,853,100.5,100.5,0.0,237,228
1114,852,2,342,16,853,100.5,100.5,0.1,237,228
1115,852,4,342,16,850,100.5,100.5,0.0,237,213
1116,850,4,342,15,853,100.5,100.5,0.0,237,213
1117,852,2,342,16,852,100.5,100.5,0.0,237,204
1118,852,4,342,16,849,100.5,100.5,0.0,247,204
1119,853,4,343,16,853,100.5,100.5,0.0,247,208
1120,852,4,343,16,851,100.5,100.5,-0.7,237,204
1121,852,4,343,16,851,100.5,100.5,0.1,237,204
1122,852,2,344,16,847,100.5,100.5,0.0,252,208
1123,852,4,344,16,855,100.5,100.5,0.0,252,208
1124,852,2,344,16,854,100.5,100.5,0.0,247,213
1125,852,4,344,16,854,100.5,100.5,0.0,242,213
1126,853,2,344,16,855,100.5,100.5,0.0,242,204
1127,853,4,344,16,851,100.5,100.5,0.0,242,204
1128,852,4,343,16,851,100.5,100.5,0.0,242,213
1129,852,4,344,16,851,100.5,100.5,0.0,233,213
1130,853,4,343,16,851,100.5,100.5,0.0,233,208
1131,852,4,343,16,850,100.5,100.5,0.0,252,208
1132,852,2,343,16,855,100.5,100.5,0.0,233,208
1133,852,4,343,16,855,100.5,100.5,0.0,233,208
1134,853,4,343,16,853,100.5,100.5,0.1,247,228
1135,852,4,343,16,852,100.5,100.5,0.1,247,223
1136,853,2,343,16,852,100.5,100.5,0.0,242,223
1137,853,2,343,16,850,100.5,100.5,0.0,242,208
1138,852,2,343,16,850,100.5,100.5,0.0,247,208
1139,852,4,343,16,854,100.5,100.5,0.1,247,204
1140,852,2,343,16,853,100.5,100.5,0.1,242,204
1141,852,4,343,16,851,100.5,100.5,-0.7,242,204
1142,852,4,343,16,849,100.5,100.5,0.0,233,213
1143,852,2,343,16,855,100.5,100.5,0.0,233,213
1144,852,4,343,16,849,100.5,100.5,0.0,247,223
1145,852,4,343,16,854,100.5,100.5,-0.7,237,223
1146,852,4,344,16,855,100.5,100.5,0.0,237,228
1147,852,4,343,16,852,100.5,100.5,0.0,242,228
1148,852,4,344,16,851,100.5,100.5,0.0,242,228
1149,852,2,344,16,855,100.5,100.5,0.0,242,218
1150,852,2,343,16,855,100.5,100.5,0.0,242,218
1151,852,2,343,16,850,100.5,100.5,0.0,242,208
1152,852,4,343,16,854,100.5,100.5,0.0,252,208
1153,853,4,343,16,853,100.5,100.5,0.0,252,218
1154,847,4,343,15,853,100.5,100.5,0.1,242,218
1155,846,2,344,15,846,100.5,100.5,0.1,242,204
1156,847,2,343,15,850,100.5,100.5,0.0,247,223
1157,847,4,343,15,845,100.5,100.5,0.0,247,223
1158,846,4,341,15,843,100.5,100.5,0.0,233,223
1159,847,4,341,15,842,100.5,100.5,0.0,242,223
1160,846,2,341,15,846,100.5,100.5,0.0,242,223
1161,847,2,340,15,845,100.5,100.5,0.0,237,223
1162,847,4,340,15,842,100.5,100.5,0.1,237,213
1163,847,4,340,15,849,100.5,100.5,0.0,247,204
1164,847,4,341,15,850,100.5,100.5,0.1,247,204
1165,847,4,341,15,843,100.5,100.5,0.0,242,204
1166,847,2,341,15,848,100.5,100.5,0.1,247,204
1167,847,4,341,15,847,100.5,100.5,0.0,247,223
1168,847,4,341,15,849,100.5,100.5,0.0,237,223
1169,847,2,341,15,848,100.5,100.5,0.0,237,208
1170,846,4,341,15,846,100.5,100.5,0.0,247,208
1171,847,4,341,15,847,100.5,100.5,0.0,247,228
1172,847,4,341,15,848,100.5,100.5,0.1,233,228
1173,847,2,341,15,848,100.5,100.5,0.1,242,208
1174,847,4,342,15,848,100.5,100.5,0.1,242,204
1175,849,4,342,15,848,100.5,100.5,0.1,257,204
1176,847,2,342,15,843,100.5,100.5,0.1,257,233
1177,847,2,342,15,848,100.5,100.5,0.0,257,233
1178,847,4,341,15,849,100.5,100.5,0.0,257,218
1179,847,4,341,15,849,100.5,100.5,0.0,242,218
1180,847,2,341,15,848,100.5,100.5,0.0,247,218
1181,847,2,342,15,851,100.5,100.5,0.1,247,218
1182,848,4,342,15,849,100.5,100.5,0.0,233,223
1183,847,2,341,15,845,100.5,100.5,0.0,233,223
1184,846,2,341,15,842,100.5,100.5,0.1,237,228
1185,847,4,341,15,847,100.5,100.5,0.0,237,228
1186,847,4,341,15,846,100.5,100.5,0.0,237,223
1187,847,2,341,15,845,100.5,100.5,0.0,237,218
1188,849,4,341,15,844,100.5,100.5,0.0,252,218
1189,849,4,341,15,851,100.5,100.5,0.0,252,228
1190,847,4,342,15,847,100.5,100.5,0.0,233,228
1191,847,4,342,15,845,100.5,100.5,0.1,233,208
1192,847,2,342,15,850,100.5,100.5,0.1,247,208
1193,847,2,341,15,844,100.5,100.5,-0.7,242,208
1194,847,2,341,15,847,100.5,100.5,0.1,242,218
1195,847,2,342,15,848,100.5,100.5,0.1,257,218
1196,847,4,342,15,849,100.5,100.5,0.0,257,204
1197,847,4,342,15,845,100.5,100.5,0.0,247,204
1198,847,4,342,15,846,100.5,100.5,0.0,247,213
1199,847,2,343,15,848,100.5,100.5,0.1,247,213
1200,847,4,342,15,851,100.5,100.5,-0.7,237,223
1201,847,4,342,15,847,100.5,100.5,0.0,237,223
1202,847,4,343,15,850,100.5,100.5,0.0,257,223
1203,849,2,343,15,851,100.5,100.5,0.1,257,218
1204,847,2,342,15,844,100.5,100.5,0.1,252,218
1205,847,4,343,15,847,100.5,100.5,0.0,252,213
1206,849,2,343,15,850,100.5,100.5,0.1,237,213
1207,847,4,342,15,849,100.5,100.5,0.0,237,218
1208,846,4,342,15,845,100.5,100.5,0.0,252,228
1209,847,4,342,15,847,100.5,100.5,0.1,252,228
1210,847,2,342,15,847,100.5,100.5,0.1,252,228
1211,847,4,342,15,851,100.5,100.5,0.0,252,228
1212,847,4,342,15,847,100.5,100.5,0.0,233,213
1213,847,4,343,15,848,100.5,100.5,0.0,233,213
1214,847,2,342,15,850,100.5,100.5,0.0,247,208
1215,849,2,342,15,847,100.5,100.5,0.0,247,208
1216,848,4,343,15,846,100.5,100.5,0.0,247,218
1217,847,2,342,15,851,100.5,100.5,0.0,237,218
1218,847,2,342,15,849,100.5,100.5,0.0,237,213
1219,847,4,342,15,841,100.5,100.5,0.0,257,213
1220,847,4,342,15,849,100.5,100.5,0.1,257,223
1221,847,4,342,15,847,100.5,100.5,0.0,247,223
1222,847,2,342,15,848,100.5,100.5,0.0,233,204
1223,847,2,341,15,849,100.5,100.5,0.0,233,204
1224,846,4,342,15,849,100.5,100.5,0.0,242,213
1225,847,2,342,15,842,100.5,100.5,0.1,242,213
1226,847,4,342,15,843,100.5,100.5,0.0,242,218
1227,847,2,341,15,845,100.5,100.5,0.0,242,218
1228,847,2,341,15,847,100.5,100.5,0.0,233,223
1229,847,2,342,15,848,100.5,100.5,0.0,233,204
1230,847,2,342,15,845,100.5,100.5,0.0,233,204
1231,847,4,342,15,847,100.5,100.5,0.1,233,213
1232,847,4,342,15,848,100.5,100.5,0.0,252,213
1233,848,4,343,15,848,100.5,100.5,0.1,252,218
1234,847,2,343,15,847,100.5,100.5,-0.7,252,218
1235,847,2,342,15,852,100.5,100.5,0.1,228,213
1236,847,4,342,15,848,100.5,100.5,0.0,228,223
1237,847,2,342,15,842,100.5,100.5,0.0,237,223
1238,847,2,343,15,846,100.5,100.5,0.0,237,223
1239,847,2,343,15,849,100.5,100.5,0.0,237,223
1240,847,2,342,15,844,100.5,100.5,0.0,228,213
1241,847,4,342,15,846,100.5,100.5,0.1,228,213
1242,847,2,342,15,847,100.5,100.5,0.0,247,199
1243,847,2,342,15,851,100.5,100.5,0.0,247,204
1244,847,2,342,15,847,100.5,100.5,0.0,247,204
1245,847,4,342,15,850,100.5,100.5,-0.7,247,218
1246,847,2,343,15,849,100.5,100.5,0.0,242,218
1247,847,4,343,15,848,100.5,100.5,0.1,242,213
1248,847,4,343,15,846,100.5,100.5,0.0,242,213
1249,847,4,343,15,851,100.5,100.5,-0.7,228,223
1250,847,2,342,15,848,100.5,100.5,0.0,228,218
1251,847,4,343,15,850,100.5,100.5,0.0,228,218
1252,847,2,343,15,850,100.5,100.5,0.0,228,218
1253,847,2,342,15,846,100.5,100.5,0.0,233,218
1254,848,2,342,15,850,100.5,100.5,0.0,233,213
1255,847,4,343,15,844,100.5,100.5,0.0,228,213
1256,847,4,342,15,848,100.5,100.5,0.0,237,223
1257,848,2,342,15,849,100.5,100.5,0.0,237,218
1258,847,2,342,15,845,100.5,100.5,0.0,247,218
1259,847,4,342,15,847,100.5,100.5,0.0,247,208
1260,847,4,342,15,850,100.5,100.5,0.0,242,208
1261,847,2,342,15,847,100.5,100.5,0.1,242,223
1262,847,2,342,15,843,100.5,100.5,0.0,228,223
1263,847,2,342,15,848,100.5,100.5,0.1,228,204
1264,847,2,343,15,849,100.5,100.5,0.0,237,223
1265,847,2,343,15,848,100.5,100.5,0.0,237,223
1266,847,2,343,15,848,100.5,100.5,0.0,237,218
1267,846,4,343,15,849,100.5,100.5,0.0,237,218
1268,847,2,343,15,852,100.5,100.5,0.1,228,213
1269,847,2,343,15,849,100.5,100.5,0.1,228,213
1270,847,4,343,15,851,100.5,100.5,0.0,228,204
1271,847,4,343,15,850,100.5,100.5,0.1,237,204
1272,846,2,343,15,847,100.5,100.5,0.1,237,218
1273,847,2,343,15,846,100.5,100.5,0.0,252,218
1274,847,4,343,15,847,100.5,100.5,0.0,252,204
1275,847,2,343,15,850,100.5,100.5,0.0,233,204
1276,847,2,343,15,843,100.5,100.5,0.0,233,218
1277,847,2,343,15,853,100.5,100.5,0.1,228,218
1278,847,4,343,15,848,100.5,100.5,0.0,242,199
1279,847,2,343,15,850,100.5,100.5,-0.7,242,199
1280,847,2,344,15,849,100.5,100.5,0.0,247,204
1281,848,2,344,15,849,100.5,100.5,0.0,247,204
1282,847,2,344,15,848,100.5,100.5,0.0,223,208
1283,846,4,344,15,849,100.5,100.5,0.0,223,208
1284,847,4,344,15,843,100.5,100.5,0.1,233,208
1285,847,2,343,15,850,100.5,100.5,0.0,233,199
1286,847,2,343,15,851,100.5,100.5,-0.7,228,199
1287,847,2,344,15,845,100.5,100.5,0.0,228,204
1288,847,2,344,15,852,100.5,100.5,0.0,237,204
1289,849,2,344,15,849,100.5,100.5,0.0,223,204
1290,846,2,344,15,847,100.5,100.5,0.0,223,204
1291,847,2,344,15,845,100.5,100.5,0.0,233,204
1292,847,2,343,15,846,100.5,100.5,0.1,233,218
1293,847,2,343,15,845,100.5,100.5,-0.7,242,218
1294,847,4,342,15,842,100.5,100.5,0.0,242,199
1295,849,2,343,15,847,100.5,100.5,0.0,242,199
1296,847,2,343,15,845,100.5,100.5,0.0,242,218
1297,847,2,342,15,844,100.5,100.5,0.0,247,218
1298,846,2,343,15,843,100.5,100.5,0.0,247,208
1299,847,2,343,15,846,100.5,100.5,0.0,237,194
1300,847,2,343,15,850,100.5,100.5,0.0,237,194
1301,847,4,343,15,843,100.5,100.5,0.0,237,204
1302,847,2,343,15,840,100.5,100.5,0.1,237,204
1303,847,2,343,15,843,100.5,100.5,0.0,242,208
1304,847,4,342,15,845,100.5,100.5,0.0,242,208
1305,847,2,342,15,842,100.5,100.5,0.1,223,199
1306,847,4,342,15,843,100.5,100.5,0.1,228,199
1307,846,2,342,15,841,100.5,100.5,0.0,228,208
1308,847,4,342,15,845,100.5,100.5,0.1,233,208
1309,847,2,342,15,844,100.5,100.5,0.1,233,213
1310,847,4,342,15,845,100.5,100.5,0.1,237,199
1311,847,4,342,15,844,100.5,100.5,0.0,237,199
1312,847,2,342,15,841,100.5,100.5,0.0,242,199
1313,847,4,342,15,847,100.5,100.5,0.0,223,199
1314,847,4,341,15,847,100.5,100.5,0.0,223,208
1315,847,2,342,15,846,100.5,100.5,0.1,233,208
1316,847,2,342,15,844,100.5,100.5,0.0,233,204
1317,847,4,341,15,850,100.5,100.5,0.0,237,218
1318,847,2,342,15,850,100.5,100.5,0.0,237,218
1319,847,4,341,15,845,100.5,100.5,0.1,228,204
1320,847,4,341,15,848,100.5,100.5,0.1,242,204
1321,847,2,341,15,850,100.5,100.5,0.0,242,194
1322,847,2,341,15,849,100.5,100.5,0.0,223,194
1323,848,2,341,15,847,100.5,100.5,0.1,223,213
1324,847,2,342,15,846,100.5,100.5,0.0,233,213
1325,847,2,342,15,847,100.5,100.5,0.0,233,199
1326,847,4,342,15,847,100.5,100.5,0.0,237,218
1327,847,2,341,15,850,100.5,100.5,0.0,237,218
1328,849,4,341,15,847,100.5,100.5,0.0,237,208
1329,847,4,341,15,847,100.5,100.5,0.1,237,208
1330,847,2,340,15,844,100.5,100.5,0.1,237,199
1331,848,4,340,15,842,100.5,100.5,-0.7,228,199
1332,846,4,340,15,843,100.5,100.5,0.0,228,194
1333,847,4,339,15,842,100.5,100.5,0.1,228,194
1334,847,2,337,15,837,100.5,100.5,-0.7,223,208
1335,847,4,336,15,836,100.5,100.5,-0.7,223,208
1336,847,2,335,15,836,100.5,100.5,0.0,242,208
1337,847,4,333,15,834,100.5,100.5,-0.7,242,208
1338,847,4,333,15,834,100.5,100.5,0.0,237,204
1339,847,4,332,15,834,100.5,100.5,0.0,237,204
1340,847,6,332,15,834,100.5,100.5,-0.7,242,199
1341,847,4,331,15,837,100.5,100.5,0.0,242,208
1342,847,4,330,15,836,100.5,100.5,0.0,252,208
1343,847,4,329,15,834,100.5,100.5,0.0,252,204
1344,846,4,328,15,841,100.5,100.5,0.0,247,204
1345,847,6,328,15,843,100.5,100.5,0.1,237,204
1346,847,4,329,15,843,100.5,100.5,0.0,237,204
1347,846,6,330,15,846,100.5,100.5,0.0,262,218
1348,847,4,330,15,852,100.5,100.5,0.0,262,213
1349,846,6,331,15,850,100.5,100.5,0.1,262,213
1350,847,6,332,15,850,100.5,100.5,0.0,262,208
1351,846,6,332,15,849,100.5,100.5,0.1,252,208
1352,847,4,333,15,851,100.5,100.5,0.0,262,218
1353,846,6,333,15,845,100.5,100.5,0.0,262,218
1354,847,6,333,15,845,100.5,100.5,0.0,262,237
1355,847,6,333,15,850,100.5,100.5,0.0,262,237
1356,846,6,333,15,848,100.5,100.5,0.1,252,237
1357,848,6,333,15,844,100.5,100.5,0.0,252,237
1358,847,6,332,15,839,100.5,100.5,0.0,276,237
1359,847,4,332,15,848,100.5,100.5,0.0,276,233
1360,847,4,332,15,852,100.5,100.5,0.0,257,233
1361,847,6,332,15,855,100.5,100.5,0.0,266,237
1362,847,6,334,15,856,100.5,100.5,0.0,266,237
1363,846,6,336,15,858,100.5,100.5,0.0,257,237
1364,847,6,338,15,854,100.5,100.5,0.0,257,242
1365,847,6,339,15,860,100.5,100.5,0.0,276,242
1366,847,6,340,15,856,100.5,100.5,0.0,276,252
1367,848,6,340,15,856,100.5,100.5,0.0,266,252
1368,847,6,341,15,856,100.5,100.5,0.1,280,242
1369,847,4,341,15,855,100.5,100.5,0.1,280,252
1370,846,6,341,15,852,100.5,100.5,0.0,266,252
1371,846,4,342,15,853,100.5,100.5,0.0,266,237
1372,848,2,341,15,852,100.5,100.5,0.0,257,237
1373,847,4,342,15,852,100.5,100.5,0.0,257,257
1374,846,4,342,15,847,100.5,100.5,0.0,262,257
1375,847,4,341,15,850,100.5,100.5,0.0,262,228
1376,847,4,341,15,846,100.5,100.5,0.0,262,247
1377,847,4,341,15,843,100.5,100.5,0.0,276,247
1378,847,4,340,15,845,100.5,100.5,0.0,276,252
1379,847,4,341,15,850,100.5,100.5,0.1,257,252
1380,847,4,340,15,844,100.5,100.5,0.0,257,237
1381,847,4,340,15,847,100.5,100.5,0.1,252,237
1382,847,4,340,15,847,100.5,100.5,0.0,252,247
1383,847,2,340,15,845,100.5,100.5,0.0,257,233
1384,846,4,339,15,843,100.5,100.5,0.0,257,233
1385,847,2,339,15,849,100.5,100.5,0.0,276,233
1386,846,4,339,15,845,100.5,100.5,0.0,276,233
1387,847,4,339,15,850,100.5,100.5,0.1,276,242
1388,846,4,339,15,846,100.5,100.5,0.0,252,242
1389,847,4,339,15,846,100.5,100.5,0.0,252,252
1390,847,4,340,15,845,100.5,100.5,0.0,276,252
1391,847,4,339,15,847,100.5,100.5,0.0,276,252
1392,846,6,339,15,844,100.5,100.5,0.0,252,237
1393,846,4,339,15,844,100.5,100.5,0.0,252,237
1394,847,4,338,15,843,100.5,100.5,0.0,257,223
1395,847,4,338,15,843,100.5,100.5,0.1,247,223
1396,847,4,336,15,838,100.5,100.5,-0.7,247,233
1397,847,2,335,15,842,100.5,100.5,0.0,271,233
1398,847,6,334,15,838,100.5,100.5,-0.7,271,228
1399,847,4,333,15,836,100.5,100.5,0.0,266,237
1400,847,4,332,15,835,100.5,100.5,0.0,266,237
1401,847,6,332,15,840,100.5,100.5,-0.7,271,247
1402,847,4,331,15,841,100.5,100.5,0.0,276,247
1403,847,6,331,15,844,100.5,100.5,0.1,276,247
1404,847,4,332,15,846,100.5,100.5,0.0,276,247
1405,847,6,332,15,846,100.5,100.5,0.1,276,228
1406,847,4,332,15,848,100.5,100.5,0.1,266,228
1407,847,6,331,15,847,100.5,100.5,0.0,266,228
1408,847,4,332,15,845,100.5,100.5,0.0,266,237
1409,847,6,332,15,850,100.5,100.5,0.0,271,237
1410,847,4,333,15,847,100.5,100.5,0.0,271,237
1411,847,4,334,15,847,100.5,100.5,-0.7,266,237
1412,847,6,334,15,852,100.5,100.5,0.1,266,233
1413,847,6,335,15,848,100.5,100.5,0.1,271,252
1414,847,4,335,15,845,100.5,100.5,0.0,271,252
1415,847,6,335,15,847,100.5,100.5,0.1,262,237
1416,847,6,334,15,850,100.5,100.5,0.0,271,237
1417,847,4,335,15,851,100.5,100.5,0.0,271,242
1418,847,4,335,15,850,100.5,100.5,0.1,280,242
1419,846,6,335,15,857,100.5,100.5,0.0,280,252
1420,846,6,337,15,852,100.5,100.5,0.1,285,242
1421,847,6,338,15,855,100.5,100.5,0.0,285,242
1422,847,6,339,15,850,100.5,100.5,0.0,290,237
1423,847,4,340,15,856,100.5,100.5,0.0,271,237
1424,847,4,340,15,851,100.5,100.5,0.0,271,257
1425,847,6,340,15,853,100.5,100.5,0.0,266,257
1426,847,6,340,15,854,100.5,100.5,0.0,266,257
1427,847,4,340,15,852,100.5,100.5,-0.7,276,257
1428,847,4,340,15,849,100.5,100.5,-0.7,276,257
1429,847,6,340,15,849,100.5,100.5,0.0,276,257
1430,847,4,339,15,848,100.5,100.5,0.0,276,257
1431,847,6,339,15,850,100.5,100.5,0.0,276,237
1432,846,4,340,15,846,100.5,100.5,-0.7,280,237
1433,847,6,339,15,848,100.5,100.5,0.0,280,262
1434,847,4,339,15,849,100.5,100.5,0.0,266,237
1435,846,4,339,15,849,100.5,100.5,0.0,266,237
1436,847,4,338,15,849,100.5,100.5,0.1,262,242
1437,847,4,338,15,846,100.5,100.5,0.0,266,242
1438,847,4,339,15,847,100.5,100.5,0.1,266,242
1439,847,4,339,15,844,100.5,100.5,0.0,276,242
1440,847,6,338,15,848,100.5,100.5,0.0,276,257
1441,847,4,338,15,846,100.5,100.5,0.1,262,257
1442,846,4,338,15,846,100.5,100.5,0.0,262,257
1443,847,4,339,15,849,100.5,100.5,0.0,262,242
1444,847,2,339,15,847,100.5,100.5,0.0,262,242
1445,847,4,338,15,847,100.5,100.5,0.0,262,233
1446,847,6,338,15,847,100.5,100.5,0.1,280,233
1447,1008,4,338,28,848,100.5,100.5,0.0,280,233
1448,1087,4,337,34,927,100.5,100.5,0.0,280,237
1449,1087,4,337,34,975,100.5,100.5,0.0,280,237
1450,1087,4,351,34,1026,100.5,100.5,0.1,280,247
1451,1089,4,358,34,1062,100.5,100.5,0.0,280,247
1452,1087,6,363,34,1109,100.5,100.5,0.0,280,257
1453,1086,6,364,34,1142,100.5,100.5,0.0,304,257
1454,1087,8,377,34,1120,100.5,100.5,0.1,304,257
1455,1087,8,377,34,1096,100.5,100.5,0.0,299,271
1456,1087,8,381,34,1085,100.5,100.5,0.0,299,271
1457,1085,8,381,34,1082,100.5,100.5,0.0,318,266
1458,1087,10,381,34,1081,100.5,100.5,-0.7,290,266
1459,1087,8,381,34,1079,100.5,100.5,0.0,290,262
1460,1084,10,382,33,1083,100.5,100.5,0.0,308,262
1461,1087,10,382,34,1088,100.5,100.5,-0.7,308,266
1462,1087,10,382,34,1087,100.5,100.5,0.0,327,266
1463,1085,12,383,33,1087,100.5,100.5,0.0,327,266
1464,1087,10,383,34,1089,100.5,100.5,0.0,327,271
1465,1088,10,383,34,1091,100.5,100.5,0.0,308,271
1466,1088,10,383,34,1088,100.5,100.5,0.1,308,290
1467,1088,10,383,34,1089,100.5,100.5,0.0,332,290
1468,1090,12,384,34,1088,100.5,100.5,0.0,332,280
1469,1089,10,383,34,1083,100.5,100.5,0.0,322,285
1470,1089,12,383,34,1087,100.5,100.5,0.0,322,285
1471,1089,12,383,34,1091,100.5,100.5,0.0,322,285
1472,1089,12,384,34,1091,100.5,100.5,0.0,336,285
1473,1090,10,384,34,1091,100.5,100.5,0.0,336,276
1474,1090,10,385,34,1099,100.5,100.5,0.0,318,276
1475,1090,12,385,34,1096,100.5,100.5,0.0,318,299
1476,1088,14,385,34,1094,100.5,100.5,0.0,313,285
1477,1089,10,385,34,1092,100.5,100.5,0.0,313,285
1478,1088,10,385,34,1093,100.5,100.5,0.0,332,285
1479,1089,12,385,34,1094,100.5,100.5,-0.7,322,285
1480,1088,10,386,34,1092,100.5,100.5,0.0,322,304
1481,1089,12,385,34,1093,100.5,100.5,0.0,327,304
1482,1088,12,385,34,1089,100.5,100.5,0.0,327,290
1483,1088,12,386,34,1087,100.5,100.5,0.0,318,304
1484,1089,10,386,34,1091,100.5,100.5,0.1,318,304
1485,1088,10,386,34,1093,100.5,100.5,0.1,332,299
1486,1089,10,386,34,1091,100.5,100.5,0.0,336,299
1487,1088,10,386,34,1091,100.5,100.5,0.0,336,308
1488,1090,12,386,34,1089,100.5,100.5,0.0,318,308
1489,1089,12,386,34,1088,100.5,100.5,-0.7,318,285
1490,1090,10,386,34,1092,100.5,100.5,0.0,322,285
1491,1089,10,386,34,1092,100.5,100.5,-0.7,322,299
1492,1090,10,386,34,1091,100.5,100.5,0.1,332,280
1493,1088,12,386,34,1086,100.5,100.5,0.0,308,280
1494,1088,12,387,34,1090,100.5,100.5,0.0,308,304
1495,1089,10,386,34,1090,100.5,100.5,0.1,322,304
1496,1089,10,387,34,1090,100.5,100.5,0.0,322,308
1497,1088,10,386,34,1089,100.5,100.5,0.0,313,308
1498,1090,12,386,34,1091,100.5,100.5,0.0,313,304
1499,1088,10,387,34,1098,100.5,100.5,0.0,318,304
1500,1090,12,387,34,1096,100.5,100.5,0.0,322,285
1501,1089,12,387,34,1099,100.5,100.5,0.0,322,285
1502,1088,12,387,34,1095,100.5,100.5,0.0,327,299
1503,1089,10,387,34,1087,100.5,100.5,0.1,327,299
1504,1090,10,388,34,1087,100.5,100.5,0.0,313,313
1505,1089,12,387,34,1089,100.5,100.5,0.0,313,313
1506,1090,10,387,34,1089,100.5,100.5,0.1,308,304
1507,1090,12,387,34,1090,100.5,100.5,0.1,308,308
1508,1089,12,387,34,1088,100.5,100.5,0.0,322,308
1509,1090,12,388,34,1091,100.5,100.5,0.0,322,313
1510,1089,10,388,34,1091,100.5,100.5,0.0,318,313
1511,1088,10,387,34,1091,100.5,100.5,0.0,318,280
1512,1090,10,387,34,1091,100.5,100.5,0.0,322,280
1513,1090,12,388,34,1090,100.5,100.5,0.0,322,280
1514,1089,10,387,34,1096,100.5,100.5,0.0,327,285
1515,1090,10,388,34,1089,100.5,100.5,0.1,318,285
1516,1089,10,387,34,1091,100.5,100.5,0.0,318,299
1517,1088,10,388,34,1098,100.5,100.5,0.0,322,299
1518,1090,8,388,34,1093,100.5,100.5,0.0,322,304
1519,1089,10,388,34,1091,100.5,100.5,0.0,327,304
1520,1090,10,387,34,1086,100.5,100.5,0.0,327,280
1521,1090,10,388,34,1090,100.5,100.5,0.1,304,304
1522,1090,12,387,34,1087,100.5,100.5,-0.7,304,304
1523,1089,10,388,34,1091,100.5,100.5,0.0,322,290
1524,1090,12,388,34,1090,100.5,100.5,0.0,322,290
1525,1090,10,388,34,1095,100.5,100.5,0.0,299,280
1526,1089,10,388,34,1090,100.5,100.5,-0.7,299,280
1527,1089,10,388,34,1087,100.5,100.5,0.0,308,285
1528,1090,10,388,34,1089,100.5,100.5,-0.7,308,285
1529,1089,10,388,34,1092,100.5,100.5,0.1,308,304
1530,1088,10,388,34,1092,100.5,100.5,0.1,304,304
1531,1088,10,388,34,1088,100.5,100.5,0.0,304,285
1532,1088,10,387,34,1088,100.5,100.5,0.0,304,304
1533,1090,10,388,34,1091,100.5,100.5,0.0,304,304
1534,1089,10,388,34,1093,100.5,100.5,0.0,313,285
1535,1090,10,388,34,1094,100.5,100.5,0.0,318,285
1536,1089,8,388,34,1089,100.5,100.5,0.0,318,271
1537,1088,10,388,34,1086,100.5,100.5,0.0,290,271
1538,1088,8,388,34,1085,100.5,100.5,0.0,290,285
1539,1090,8,388,34,1091,100.5,100.5,0.0,299,271
1540,1088,8,387,34,1089,100.5,100.5,0.0,299,271
1541,1089,8,387,34,1086,100.5,100.5,0.0,299,280
1542,1089,8,387,34,1089,100.5,100.5,0.0,299,280
1543,1090,10,387,34,1083,100.5,100.5,0.0,299,285
1544,1088,8,387,34,1089,100.5,100.5,0.0,313,285
1545,1090,8,387,34,1091,100.5,100.5,0.0,313,271
1546,1090,10,387,34,1091,100.5,100.5,0.0,290,285
1547,1089,10,387,34,1090,100.5,100.5,0.0,290,285
1548,1088,10,388,34,1088,100.5,100.5,0.0,304,285
1549,1088,10,387,34,1090,100.5,100.5,0.0,304,285
1550,1089,8,388,34,1088,100.5,100.5,0.0,304,266
1551,1089,10,388,34,1091,100.5,100.5,0.1,299,276
1552,1090,10,388,34,1086,100.5,100.5,0.1,299,276
1553,1089,8,387,34,1089,100.5,100.5,0.0,299,271
1554,1090,8,388,34,1086,100.5,100.5,0.0,299,271
1555,1088,8,388,34,1085,100.5,100.5,0.0,299,271
1556,1089,10,387,34,1090,100.5,100.5,0.1,290,271
1557,1088,10,387,34,1091,100.5,100.5,0.0,290,280
1558,1090,10,387,34,1091,100.5,100.5,0.0,304,280
1559,1090,10,387,34,1089,100.5,100.5,0.0,304,280
1560,1090,8,387,34,1089,100.5,100.5,0.0,304,280
1561,1090,8,387,34,1088,100.5,100.5,0.0,304,280
1562,1088,10,387,34,1084,100.5,100.5,0.1,313,285
1563,1090,8,387,34,1085,100.5,100.5,-0.7,285,285
1564,1090,8,387,34,1086,100.5,100.5,0.0,285,271
1565,1090,10,387,34,1084,100.5,100.5,0.0,308,271
1566,1110,8,387,35,1088,100.5,100.5,0.0,308,276
1567,1437,10,387,60,1161,100.5,100.5,0.1,285,285
1568,1437,10,390,60,1234,100.5,100.5,0.0,285,285
1569,1437,12,397,60,1288,100.5,100.5,0.0,313,271
1570,1435,12,400,60,1331,100.5,100.5,0.0,322,271
1571,1437,16,404,60,1363,100.5,100.5,0.0,322,280
1572,1435,16,412,60,1409,100.5,100.5,0.0,313,280
1573,1437,18,419,60,1446,100.0,100.5,0.0,313,290
1574,1435,22,421,60,1473,100.0,100.5,0.0,332,308
1575,1437,24,434,60,1466,100.0,100.5,0.0,332,308
1576,1435,28,439,60,1444,100.0,100.5,0.0,354,327
1577,1435,30,442,60,1440,100.0,100.5,0.1,354,327
1578,1437,26,442,60,1430,100.0,100.5,0.0,354,322
1579,1437,30,443,60,1427,100.0,100.5,0.0,363,322
1580,1438,30,443,60,1432,100.0,100.5,0.0,363,332
1581,1435,32,443,60,1435,100.0,100.5,0.0,363,332
1582,1437,30,443,60,1434,100.0,100.5,0.0,363,336
1583,1438,30,443,60,1438,100.0,100.5,0.0,363,336
1584,1435,34,444,60,1435,100.0,100.5,0.0,373,332
1585,1435,34,444,60,1434,100.0,100.5,0.0,373,332
1586,1435,34,445,60,1440,100.0,100.5,0.0,373,354
1587,1437,32,446,60,1441,100.0,100.5,0.1,373,354
1588,1437,34,446,60,1435,100.0,100.5,0.0,382,349
1589,1438,34,446,60,1441,100.0,100.5,0.0,382,363
1590,1438,34,447,60,1430,100.0,100.5,0.0,382,363
1591,1438,34,446,60,1428,100.0,100.5,0.0,382,345
1592,1437,34,444,60,1416,100.0,100.5,0.0,395,345
1593,1437,36,443,60,1418,100.0,100.0,0.0,409,349
1594,1438,34,442,60,1422,100.0,100.5,0.0,409,349
1595,1438,36,442,60,1435,100.0,100.0,0.1,404,354
1596,1438,36,443,60,1430,100.0,100.0,0.0,404,368
1597,1437,36,443,60,1439,100.0,100.0,0.0,414,368
1598,1437,38,443,60,1441,100.0,100.0,0.0,414,363
1599,1438,38,444,60,1439,100.0,100.5,0.1,414,363
1600,1437,40,444,60,1440,100.0,100.0,0.0,422,382
1601,1437,36,444,60,1440,100.0,100.0,0.1,422,382
1602,1437,40,445,60,1443,100.0,100.0,0.0,422,386
1603,1437,38,445,60,1438,100.0,100.0,0.0,422,386
1604,1435,36,445,60,1440,100.0,100.0,0.1,404,386
1605,1435,40,446,60,1448,100.0,100.0,0.0,404,382
1606,1438,36,446,60,1454,100.0,100.0,0.0,422,382
1607,1435,42,446,60,1456,100.0,100.0,0.0,427,386
1608,1435,38,448,60,1448,100.0,100.0,0.0,427,386
1609,1435,38,449,60,1448,100.0,100.0,0.0,414,373
1610,1438,34,448,60,1437,100.0,100.0,0.0,414,382
1611,1438,36,449,60,1437,100.0,100.0,0.2,409,382
1612,1438,36,448,60,1437,100.0,100.0,0.1,409,400
1613,1437,36,448,60,1434,100.0,100.5,0.1,422,400
1614,1435,38,449,60,1440,100.0,100.0,0.0,427,386
1615,1437,34,448,60,1432,100.0,100.5,0.1,427,386
1616,1438,36,448,60,1435,100.0,100.0,0.1,427,386
1617,1437,38,448,60,1433,100.0,100.0,0.1,427,386
1618,1435,34,447,60,1433,100.0,100.5,0.1,431,386
1619,1435,36,448,60,1435,100.0,100.5,0.0,431,395
1620,1435,38,448,60,1436,100.0,100.5,0.1,436,395
1621,1435,36,448,60,1430,100.0,100.5,0.1,414,390
1622,1406,34,448,60,1439,100.0,100.0,0.0,414,390
1623,846,30,450,15,1306,100.0,100.5,0.1,427,409
1624,846,28,439,15,1194,100.0,100.5,0.1,427,390
1625,846,24,427,15,1092,100.5,100.5,0.0,404,390
1626,846,20,413,15,1003,100.5,100.5,0.1,404,377
1627,846,18,413,15,943,100.5,100.5,0.0,409,377
1628,846,16,402,15,894,100.5,100.5,0.0,404,386
1629,845,16,390,15,859,100.5,100.5,0.0,404,386
1630,846,12,369,15,842,100.5,100.5,0.0,386,368
1631,845,12,362,15,838,100.5,100.5,0.0,386,368
1632,845,12,356,15,834,100.5,100.5,0.0,363,368
1633,846,10,353,15,843,100.5,100.5,0.0,363,340
1634,846,10,350,15,844,100.5,100.5,0.0,373,340
1635,908,8,350,16,847,100.5,100.5,0.0,359,340
1636,1189,8,345,41,932,100.5,100.5,0.0,359,340
1637,1206,10,351,42,1036,100.5,100.5,0.1,345,332
1638,1207,8,360,43,1135,100.5,100.5,0.0,345,332
1639,1207,10,370,43,1200,100.5,100.5,0.0,359,332
1640,1207,12,379,43,1226,100.5,100.5,0.0,359,349
1641,1206,14,388,43,1235,100.5,100.5,0.0,373,349
1642,1206,12,393,43,1220,100.5,100.5,0.0,373,349
1643,1206,14,397,43,1211,100.5,100.5,0.0,373,349
1644,1207,14,399,43,1209,100.5,100.5,0.0,386,332
1645,1205,14,399,43,1203,100.5,100.5,0.0,386,340
1646,1206,14,401,43,1205,100.5,100.5,0.2,368,340
1647,1205,16,402,43,1204,100.5,100.5,0.0,368,345
1648,1207,14,402,43,1207,100.5,100.5,0.0,386,345
1649,1207,16,403,43,1203,100.5,100.5,0.1,382,354
1650,1207,16,403,43,1203,100.5,100.5,0.1,382,354
1651,1207,16,403,43,1203,100.5,100.5,0.0,373,345
1652,1207,14,403,43,1201,100.5,100.5,0.0,373,345
1653,1207,14,403,43,1201,100.5,100.5,0.0,382,345
1654,1207,16,404,43,1204,100.5,100.5,0.0,382,332
1655,1206,16,403,43,1203,100.5,100.5,0.1,359,332
1656,1207,16,404,43,1202,100.5,100.5,0.0,373,359
1657,1207,16,404,43,1202,100.5,100.5,0.0,373,359
1658,1206,16,403,43,1204,100.5,100.5,0.0,377,354
1659,1206,16,404,43,1202,100.5,100.5,0.0,377,340
1660,1206,16,404,43,1202,100.5,100.5,0.0,377,340
1661,1207,18,403,43,1201,100.5,100.5,0.0,377,349
1662,1207,18,403,43,1201,100.5,100.5,0.0,373,349
1663,1207,18,403,43,1207,100.5,100.5,0.0,373,332
1664,1207,18,403,43,1207,100.5,100.5,0.0,377,332
1665,1207,18,403,42,1203,100.5,100.5,0.0,377,336
1666,1206,18,403,43,1206,100.5,100.5,0.0,373,354
1667,1206,18,403,43,1206,100.5,100.5,0.0,373,354
1668,1207,16,404,43,1201,100.5,100.5,0.0,359,345
1669,1206,16,403,43,1200,100.5,100.5,0.0,359,345
1670,1204,18,403,42,1200,100.5,100.5,0.0,373,354
1671,1207,18,402,43,1202,100.5,100.5,0.0,373,354
1672,1205,18,403,42,1207,100.5,100.5,0.0,386,332
1673,1206,16,403,43,1205,100.5,100.5,0.0,377,340
1674,1206,16,403,43,1205,100.5,100.5,0.0,377,340
1675,952,16,404,23,1183,100.5,100.5,0.0,368,340
1676,952,16,404,23,1183,100.5,100.5,0.0,368,359
1677,848,14,400,15,972,100.5,100.5,0.1,363,359
1678,848,14,400,15,972,100.5,100.5,0.1,363,340
1679,848,12,385,15,868,100.5,100.5,0.0,368,345
1680,850,12,375,15,850,100.5,100.5,0.0,359,345
1681,850,12,375,15,850,100.5,100.5,0.0,359,332
1682,848,10,360,15,841,100.5,100.5,0.1,354,332
1683,849,10,355,15,843,100.5,100.5,0.0,354,327
1684,849,8,350,15,837,100.5,100.5,0.0,340,327
1685,848,10,347,15,839,100.5,100.5,0.0,340,313
1686,849,8,346,15,844,100.5,100.5,0.1,340,327
1687,849,8,344,15,847,100.5,100.5,0.1,327,327
1688,849,8,344,15,847,100.5,100.5,0.1,327,332
1689,848,8,344,15,850,100.5,100.5,0.2,327,332
1690,848,8,344,15,848,100.5,100.5,0.0,327,308
1691,849,6,343,15,848,100.5,100.5,0.1,318,308
1692,849,6,343,15,848,100.5,100.5,0.1,318,304
1693,849,6,342,15,845,100.5,100.5,0.0,327,304
1694,848,8,342,15,849,100.5,100.5,0.0,332,304
1695,849,6,342,15,842,100.5,100.5,0.1,332,304
1696,849,6,342,15,842,100.5,100.5,0.1,327,308
1697,848,6,342,15,845,100.5,100.5,0.0,327,308
1698,847,8,342,15,848,100.5,100.5,0.0,308,304
1699,847,6,342,15,848,100.5,100.5,0.1,308,308
1700,847,6,342,15,848,100.5,100.5,0.1,308,308
1701,848,6,343,15,849,100.5,100.5,0.2,308,276
1702,848,6,343,15,849,100.5,100.5,0.2,332,276
1703,849,6,342,15,849,100.5,100.5,0.1,308,276
1704,849,6,342,15,849,100.5,100.5,0.1,308,276
1705,848,6,342,15,848,100.5,100.5,0.0,299,290
1706,1018,6,340,28,883,100.5,100.5,0.0,299,276
1707,1018,4,344,28,959,100.5,100.5,0.1,318,276
1708,1131,6,349,33,1007,100.5,100.5,0.0,318,271
1709,1137,6,358,37,1089,100.5,100.5,0.0,313,271
1710,1136,8,366,37,1127,100.5,100.5,0.0,322,299
1711,1146,8,373,37,1146,100.5,100.5,0.0,322,299
1712,1380,10,378,56,1185,100.5,100.5,0.0,332,285
1713,1380,12,384,56,1226,100.5,100.5,0.0,332,290
1714,1382,14,391,56,1270,100.5,100.5,0.1,336,290
1715,1380,18,398,56,1297,100.5,100.5,0.0,336,308
1716,1380,18,398,56,1297,100.5,100.5,0.0,363,308
1717,992,20,402,26,1307,100.5,100.5,0.1,363,322
1718,992,20,402,26,1307,100.5,100.5,0.1,363,322
1719,845,18,403,15,1034,100.5,100.5,0.1,363,345
1720,846,18,402,15,941,100.5,100.5,0.1,363,332
1721,846,18,402,15,941,100.5,100.5,0.1,382,332
1722,845,14,382,15,852,100.5,100.5,0.1,382,340
1723,845,14,382,15,852,100.5,100.5,0.1,354,340
1724,845,12,364,15,840,100.5,100.5,0.0,354,332
1725,845,12,364,15,840,100.5,100.5,0.0,354,332
1726,843,12,349,15,839,100.5,100.5,0.0,349,313
1727,846,10,346,15,842,100.5,100.5,0.1,349,313
1728,846,10,346,15,842,100.5,100.5,0.1,354,313
1729,846,8,341,15,845,100.5,100.5,0.1,354,327
1730,846,8,341,15,845,100.5,100.5,0.1,354,327
1731,844,10,338,15,844,100.5,100.5,0.1,336,308
1732,844,10,338,15,844,100.5,100.5,0.1,336,308
1733,845,8,337,15,844,100.5,100.5,0.0,336,313
1734,846,8,337,15,839,100.5,100.5,0.0,336,299
1735,844,8,337,15,846,100.5,100.5,0.1,340,299
1736,841,8,337,15,845,100.5,100.5,0.0,340,318
1737,843,8,336,15,843,100.5,100.5,0.0,340,318
1738,845,8,336,15,843,100.5,100.5,0.1,318,304
1739,865,6,336,15,844,100.5,100.5,0.2,318,304
1740,871,8,336,17,858,100.5,100.5,0.0,336,299
1741,871,8,338,17,867,100.5,100.5,0.0,336,290
1742,870,6,340,17,872,100.5,100.5,0.0,332,290
1743,870,6,343,17,875,100.5,100.5,0.0,332,313
1744,870,6,343,17,875,100.5,100.5,0.0,313,313
1745,998,6,344,27,883,100.5,100.5,0.1,313,304
1746,998,6,344,27,883,100.5,100.5,0.1,313,304
1747,1059,10,350,31,999,100.5,100.5,0.1,318,304
1748,1059,10,350,31,999,100.5,100.5,0.1,318,304
1749,1060,6,357,31,1083,100.5,100.5,0.0,322,304
1750,1060,8,365,31,1104,100.5,100.5,0.0,322,304
1751,1059,8,371,32,1091,100.5,100.5,0.0,332,304
1752,1060,10,374,32,1057,100.5,100.5,0.0,332,318
1753,1060,10,374,32,1057,100.5,100.5,0.0,332,318
1754,1059,12,376,31,1048,100.5,100.5,0.0,349,299
1755,1059,10,376,31,1050,100.5,100.5,0.0,349,318
1756,1059,10,376,31,1050,100.5,100.5,0.0,345,318
1757,1058,12,377,31,1059,100.5,100.5,0.0,345,304
1758,1058,12,377,31,1059,100.5,100.5,0.0,327,304
1759,1058,12,378,31,1062,100.5,100.5,0.0,332,322
1760,1058,12,378,31,1062,100.5,100.5,0.0,332,322
1761,1060,12,378,31,1058,100.5,100.5,0.0,349,308
1762,1060,12,379,31,1060,100.5,100.5,0.0,349,318
1763,1060,12,379,31,1056,100.5,100.5,0.0,354,318
1764,1061,12,379,31,1061,100.5,100.5,0.0,354,308
1765,1060,12,379,31,1058,100.5,100.5,0.0,336,308
1766,1060,10,379,31,1058,100.5,100.5,0.0,332,318
1767,1060,10,379,31,1058,100.5,100.5,0.0,332,318
1768,1059,10,379,31,1060,100.5,100.5,0.0,349,299
1769,1058,10,379,31,1059,100.5,100.5,0.0,349,313
1770,1059,10,379,31,1061,100.5,100.5,0.0,336,313
1771,1059,12,379,31,1061,100.5,100.5,0.1,336,322
1772,1059,12,379,31,1061,100.5,100.5,0.1,332,322
1773,1059,12,379,31,1061,100.5,100.5,0.0,332,313
1774,1059,12,379,32,1060,100.5,100.5,0.0,332,313
1775,1059,12,379,31,1060,100.5,100.5,0.0,336,318
1776,1059,10,379,31,1059,100.5,100.5,0.0,336,313
1777,1059,10,379,31,1059,100.5,100.5,0.0,349,313
1778,1059,12,379,31,1061,100.5,100.5,0.1,349,318
1779,1059,10,379,31,1059,100.5,100.5,0.0,336,318
1780,1058,12,379,31,1057,100.5,100.5,0.0,332,318
1781,1058,12,379,31,1057,100.5,100.5,0.0,332,318
1782,1058,12,380,31,1058,100.5,100.5,0.0,340,327
1783,1059,12,379,31,1059,100.5,100.5,0.0,340,327
1784,1059,12,379,31,1059,100.5,100.5,0.0,354,327
1785,1060,12,379,31,1060,100.5,100.5,0.0,354,308
1786,1060,12,379,31,1060,100.5,100.5,0.0,349,308
1787,1059,12,379,31,1061,100.5,100.5,0.0,340,313
1788,1059,12,379,31,1061,100.5,100.5,0.0,340,313
1789,847,12,380,15,1036,100.5,100.5,0.0,340,308
1790,846,10,378,15,944,100.5,100.5,0.1,340,308
1791,847,10,371,15,875,100.5,100.5,0.0,332,308
1792,847,10,365,15,852,100.5,100.5,0.2,332,318
1793,847,10,356,15,833,100.5,100.5,0.0,336,318
1794,846,8,351,15,834,100.5,100.5,0.1,332,318
1795,846,10,347,15,838,100.5,100.5,0.0,332,318
1796,846,8,344,15,837,100.5,100.5,0.0,327,304
1797,846,8,342,15,840,100.5,100.5,0.1,327,299
1798,846,8,342,15,847,100.5,100.5,0.0,313,299
1799,847,6,341,15,843,100.5,100.5,0.1,313,290
1800,847,6,341,15,843,100.5,100.5,0.1,332,290
1801,846,6,341,15,848,100.5,100.5,0.0,318,299
1802,846,6,341,15,848,100.5,100.5,0.0,318,299
1803,846,6,340,15,846,100.5,100.5,0.1,318,304
1804,846,6,340,15,845,100.5,100.5,0.0,318,304
1805,846,6,340,15,845,100.5,100.5,0.0,308,304
1806,847,6,339,15,841,100.5,100.5,0.0,308,290
1807,846,6,339,15,843,100.5,100.5,0.0,299,290
1808,846,8,339,15,845,100.5,100.5,0.1,308,276
1809,846,8,339,15,845,100.5,100.5,0.1,308,276
1810,847,6,338,15,841,100.5,100.5,0.0,299,276
1811,846,6,338,15,845,100.5,100.5,0.0,299,280
1812,846,6,338,15,845,100.5,100.5,0.0,318,280
1813,846,6,339,15,849,100.5,100.5,0.0,318,276
1814,846,6,339,15,849,100.5,100.5,0.0,313,276
1815,846,6,340,15,847,100.5,100.5,0.2,304,290
1816,846,6,340,15,847,100.5,100.5,0.2,304,290
1817,846,6,340,15,848,100.5,100.5,0.1,285,276
1818,846,6,340,15,843,100.5,100.5,0.1,285,271
1819,846,6,340,15,843,100.5,100.5,0.1,304,271
1820,846,6,340,15,845,100.5,100.5,0.0,304,280
1821,846,6,340,15,846,100.5,100.5,0.1,290,280
1822,846,6,340,15,845,100.5,100.5,0.0,313,276
1823,846,6,340,15,847,100.5,100.5,0.1,313,276
1824,1030,8,338,28,886,100.5,100.5,0.0,285,271
1825,1080,6,342,33,957,100.5,100.5,0.0,285,276
1826,1080,6,348,33,1009,100.5,100.5,0.1,299,276
1827,1080,8,361,33,1110,100.5,100.5,0.0,299,262
1828,1080,8,361,33,1110,100.5,100.5,0.0,318,262
1829,1080,10,372,33,1113,100.5,100.5,0.0,322,290
1830,1080,10,372,33,1113,100.5,100.5,0.0,322,290
1831,1082,10,379,33,1075,100.5,100.5,0.0,336,285
1832,1082,10,379,33,1075,100.5,100.5,0.0,336,285
1833,1082,10,379,33,1069,100.5,100.5,0.0,336,285
1834,1082,10,379,33,1061,100.5,100.5,0.0,336,285
1835,1081,10,379,33,1073,100.5,100.5,0.1,327,285
1836,1082,10,380,33,1080,100.5,100.5,0.0,322,280
1837,1082,10,380,33,1080,100.5,100.5,0.0,322,280
1838,1080,10,381,33,1075,100.5,100.5,0.2,340,304
1839,1082,12,381,33,1078,100.5,100.5,0.0,340,290
1840,1082,12,381,33,1078,100.5,100.5,0.0,318,290
1841,1082,12,381,33,1084,100.5,100.5,0.0,318,313
1842,1082,12,381,33,1084,100.5,100.5,0.0,336,313
1843,1080,12,382,33,1084,100.5,100.5,0.0,340,304
1844,1080,12,382,33,1084,100.5,100.5,0.0,340,304
1845,1081,12,382,33,1086,100.5,100.5,0.0,340,290
1846,1080,12,382,33,1080,100.5,100.5,0.1,340,318
1847,1080,14,382,33,1085,100.5,100.5,0.0,345,318
1848,1080,14,382,33,1082,100.5,100.5,0.0,345,308
1849,1080,14,382,33,1085,100.5,100.5,0.0,332,308
1850,1082,14,382,33,1080,100.5,100.5,0.1,332,304
1851,1080,12,382,33,1077,100.5,100.5,0.0,332,304
1852,847,12,383,15,928,100.5,100.5,0.0,336,327
1853,847,10,377,15,872,100.5,100.5,0.2,336,313
1854,847,10,377,15,872,100.5,100.5,0.2,340,313
1855,847,12,357,15,843,100.5,100.5,0.1,340,313
1856,847,12,357,15,843,100.5,100.5,0.1,336,313
1857,846,8,351,15,837,100.5,100.5,0.0,322,304
1858,846,10,346,15,837,100.5,100.5,0.0,322,304
1859,847,8,342,15,844,100.5,100.5,0.1,332,290
1860,847,8,342,15,843,100.5,100.5,0.0,332,290
1861,847,8,342,15,843,100.5,100.5,0.0,327,290
1862,847,6,340,15,846,100.5,100.5,0.0,327,280
1863,847,6,340,15,847,100.5,100.5,0.0,318,280
1864,847,8,340,15,849,100.5,100.5,0.0,313,299
1865,847,8,340,15,849,100.5,100.5,0.0,313,299
1866,847,6,340,15,845,100.5,100.5,0.2,304,304
1867,846,6,340,15,846,100.5,100.5,0.2,304,285
1868,846,6,340,15,846,100.5,100.5,0.2,318,285
1869,1028,6,339,29,892,100.5,100.5,0.0,318,280
1870,1028,6,339,29,892,100.5,100.5,0.0,304,280
1871,1028,6,348,29,1003,100.5,100.5,0.0,304,276
1872,1028,6,348,29,1003,100.5,100.5,0.0,304,276
1873,1029,6,356,29,1039,100.5,100.5,0.1,318,290
1874,1028,8,362,29,1047,100.5,100.5,0.1,318,304
1875,1030,8,366,29,1045,100.5,100.5,0.0,336,304
1876,1028,8,369,29,1042,100.5,100.5,0.1,336,313
1877,1028,10,371,29,1037,100.5,100.5,0.0,318,313
1878,1030,10,372,29,1034,100.5,100.5,0.0,327,299
1879,1030,10,373,29,1032,100.5,100.5,0.1,327,299
1880,1028,10,373,29,1028,100.5,100.5,0.0,322,299
1881,1028,12,374,29,1029,100.5,100.5,0.0,322,290
1882,1028,10,374,29,1026,100.5,100.5,0.0,336,290
1883,1030,12,374,29,1029,100.5,100.5,0.0,336,290
1884,1030,12,374,29,1029,100.5,100.5,0.0,340,290
1885,1236,10,373,45,1098,100.5,100.5,0.0,322,308
1886,1236,10,373,45,1098,100.5,100.5,0.0,322,308
1887,1236,14,381,45,1185,100.5,100.5,0.1,349,313
1888,1238,16,381,45,1211,100.5,100.5,0.2,349,313
1889,1238,16,381,45,1211,100.5,100.5,0.2,345,313
1890,1238,18,389,45,1239,100.5,100.5,0.0,345,332
1891,1236,20,391,45,1258,100.5,100.5,0.0,368,332
1892,1236,20,394,45,1269,100.5,100.5,0.0,368,327
1893,1236,20,394,45,1269,100.5,100.5,0.0,368,327
1894,1236,24,403,45,1246,100.5,100.5,0.0,377,327
1895,1238,24,404,45,1238,100.5,100.5,0.0,377,345
1896,1238,24,404,45,1238,100.5,100.5,0.0,390,345
1897,1238,24,404,45,1235,100.5,100.5,0.0,390,345
1898,1238,24,404,45,1235,100.5,100.5,0.0,400,345
1899,1075,24,406,38,1227,100.5,100.5,0.0,377,345
1900,1075,24,406,38,1227,100.5,100.5,0.0,377,345
1901,848,20,402,15,1066,100.5,100.5,0.1,377,359
1902,849,20,394,15,954,100.5,100.5,0.1,377,349
1903,848,16,383,15,907,100.5,100.5,0.1,395,349
1904,848,16,376,15,866,100.5,100.5,0.1,395,345
1905,850,16,363,15,842,100.5,100.5,0.0,386,345
1906,848,14,355,15,838,100.5,100.5,0.1,354,354
1907,849,12,348,15,835,100.5,100.5,0.1,354,354
1908,848,12,344,15,836,100.5,100.5,0.1,359,336
1909,850,12,340,15,834,100.5,100.5,0.0,359,345
1910,848,10,337,15,841,100.5,100.5,0.0,359,345
1911,849,8,335,15,843,100.5,100.5,0.2,359,327
1912,849,8,335,15,843,100.5,100.5,0.2,359,327
1913,849,8,334,15,846,100.5,100.5,0.0,363,322
1914,849,8,334,15,846,100.5,100.5,0.0,363,322
1915,849,8,333,15,846,100.5,100.5,0.1,349,322
1916,849,8,333,15,846,100.5,100.5,0.1,349,336
1917,848,10,334,15,849,100.5,100.5,0.1,336,336
1918,848,10,333,15,851,100.5,100.5,0.1,336,313
1919,849,8,334,15,847,100.5,100.5,0.1,349,313
1920,848,8,334,15,851,100.5,100.5,0.1,332,318
1921,847,8,334,15,845,100.5,100.5,0.0,332,318
1922,849,6,333,15,849,100.5,100.5,0.1,332,332
1923,849,6,333,15,851,100.5,100.5,0.0,332,313
1924,849,6,333,15,851,100.5,100.5,0.0,332,313
1925,847,8,333,15,846,100.5,100.5,0.2,332,322
1926,847,8,333,15,846,100.5,100.5,0.2,340,322
1927,848,6,334,15,851,100.5,100.5,0.1,349,318
1928,848,6,334,15,851,100.5,100.5,0.1,349,318
1929,848,8,333,15,852,100.5,100.5,0.0,322,304
1930,848,8,334,15,849,100.5,100.5,0.0,322,308
1931,849,6,333,15,850,100.5,100.5,0.0,340,308
1932,849,8,334,15,851,100.5,100.5,0.0,340,313
1933,848,8,333,15,849,100.5,100.5,0.0,345,313
1934,848,6,334,15,847,100.5,100.5,0.0,345,308
1935,848,6,333,15,851,100.5,100.5,0.0,332,308
1936,848,6,333,15,851,100.5,100.5,0.0,332,313
1937,848,8,333,15,849,100.5,100.5,0.0,322,304
1938,848,8,333,15,851,100.5,100.5,0.0,322,304
1939,849,6,333,15,846,100.5,100.5,0.1,322,285
1940,849,6,333,15,846,100.5,100.5,0.1,322,285
1941,849,6,334,15,845,100.5,100.5,0.2,322,299
1942,847,8,333,15,851,100.5,100.5,0.1,327,299
1943,848,6,333,15,848,100.5,100.5,0.0,327,299
1944,848,6,333,15,848,100.5,100.5,0.0,313,299
1945,849,6,334,15,851,100.5,100.5,0.0,313,308
1946,849,6,333,15,849,100.5,100.5,0.0,322,313
1947,849,6,333,15,849,100.5,100.5,0.0,322,313
1948,847,8,333,15,847,100.5,100.5,0.0,327,313
1949,848,6,333,15,846,100.5,100.5,0.1,322,313
1950,849,6,332,15,849,100.5,100.5,0.0,322,280
1951,849,8,332,15,848,100.5,100.5,0.0,313,280
1952,849,8,332,15,848,100.5,100.5,0.0,313,285
1953,849,8,332,15,852,100.5,100.5,0.0,332,285
1954,848,8,333,15,850,100.5,100.5,0.0,332,285
1955,848,6,334,15,854,100.5,100.5,0.0,313,280
1956,848,6,334,15,854,100.5,100.5,0.0,332,280
1957,849,6,335,15,853,100.5,100.5,0.1,332,285
1958,849,6,335,15,853,100.5,100.5,0.1,313,285
1959,849,6,335,15,852,100.5,100.5,0.0,313,299
1960,849,8,335,15,848,100.5,100.5,0.0,313,304
1961,849,8,335,15,848,100.5,100.5,0.0,313,304
1962,849,6,334,15,847,100.5,100.5,0.0,318,304
1963,847,6,334,15,843,100.5,100.5,0.1,327,304
1964,848,6,333,15,843,100.5,100.5,0.0,327,290
1965,848,8,333,15,846,100.5,100.5,0.1,327,290
1966,848,8,333,15,846,100.5,100.5,0.1,327,271
1967,849,6,333,15,847,100.5,100.5,0.0,327,271
1968,849,6,333,15,847,100.5,100.5,0.0,327,271
1969,849,6,334,15,846,100.5,100.5,0.1,313,299
1970,848,6,334,15,849,100.5,100.5,0.0,318,299
1971,848,6,335,15,849,100.5,100.5,0.0,318,276
1972,848,6,335,15,849,100.5,100.5,0.0,313,276
1973,849,8,336,15,849,100.5,100.5,0.0,313,285
1974,847,6,335,15,849,100.5,100.5,0.0,322,299
1975,847,6,335,15,849,100.5,100.5,0.0,322,299
1976,849,8,336,15,847,100.5,100.5,0.1,313,285
1977,848,8,336,15,847,100.5,100.5,0.1,308,285
1978,847,6,335,15,849,100.5,100.5,0.0,308,299
1979,849,6,335,15,851,100.5,100.5,0.0,304,299
1980,849,6,335,15,851,100.5,100.5,0.0,304,280
1981,849,8,336,15,851,100.5,100.5,0.0,318,299
1982,849,8,336,15,851,100.5,100.5,0.0,318,299
1983,847,6,337,15,848,100.5,100.5,0.0,299,271
1984,848,8,337,15,850,100.5,100.5,0.0,304,271
1985,848,6,336,15,844,100.5,100.5,0.0,304,271
1986,848,6,336,15,844,100.5,100.5,0.0,318,271
1987,847,6,334,15,849,100.5,100.5,0.2,318,266
1988,849,8,334,15,848,100.5,100.5,0.0,299,280
1989,849,8,334,15,848,100.5,100.5,0.0,299,280
1990,847,6,334,15,846,100.5,100.5,0.0,308,280
1991,848,8,334,15,847,100.5,100.5,0.1,318,280
1992,848,8,334,15,847,100.5,100.5,0.1,318,299
1993,848,8,334,15,845,100.5,100.5,0.1,299,299
1994,848,6,335,15,847,100.5,100.5,0.1,299,290
1995,849,8,334,15,851,100.5,100.5,0.1,299,276
1996,849,8,334,15,851,100.5,100.5,0.1,299,276
1997,849,8,335,15,851,100.5,100.5,0.0,299,285
1998,847,6,336,15,851,100.5,100.5,0.1,313,285
1999,847,6,336,15,849,100.5,100.5,0.0,313,280
2000,847,6,336,15,849,100.5,100.5,0.0,313,280
"12/25/2021 23:22","Data Logging Completed","(Total Samples = 2000 - Sample Rate = 120 Per Minute)"
