"12/25/2021 21:05","3512B Port (4TN00220)","(Total Samples = 2000 - Sample Rate = 120 Per Minute)"
"Unit Descriptions","kPa","kPa","%","RPM","kPa","kPa","kPa","Deg C","Deg C"
"Sample #","Boost Pressure","Fuel Pressure","Throttle Position","Engine Speed","Right Turbo Inlet Pressure (abs)","Left Turbo Inlet Pressure (abs)","Crankcase Pressure","Right Exhaust Temperature","Left Exhaust Temperature"
1,No Data,No Data,No Data,No Data,No Data,No Data,No Data,No Data,No Data
2,No Data,No Data,No Data,No Data,No Data,No Data,No Data,No Data,No Data
3,No Data,No Data,No Data,No Data,No Data,No Data,No Data,No Data,No Data
4,No Data,No Data,No Data,No Data,No Data,No Data,No Data,No Data,No Data
5,0,341,0,651,100.5,100.5,0.6,Timed Out,102
6,0,341,0,650,100.5,100.5,0.6,74,102
7,0,341,0,650,100.5,100.5,0.6,74,96
8,0,341,0,650,100.5,100.5,0.6,85,96
9,0,340,0,648,100.5,100.5,0.7,85,107
10,0,341,0,650,100.5,100.5,0.6,91,91
11,0,341,0,650,100.5,100.5,0.6,91,91
12,0,341,0,650,100.5,100.5,0.6,85,102
13,0,341,0,650,100.5,100.5,0.6,91,107
14,0,341,0,650,100.5,100.5,0.6,91,96
15,0,341,0,650,100.5,100.5,0.6,96,96
16,0,340,0,651,100.5,100.5,0.6,96,102
17,0,341,0,651,100.5,100.5,0.6,74,85
18,0,341,0,651,100.5,100.5,0.6,74,85
19,0,341,0,650,100.5,100.5,0.6,74,96
20,0,341,0,652,100.5,100.5,0.6,91,91
21,0,341,0,648,100.5,100.5,0.6,91,102
22,0,341,0,651,100.5,100.5,0.6,74,112
23,0,341,0,651,100.5,100.5,0.6,74,96
24,0,341,0,651,100.5,100.5,0.6,91,91
25,0,341,0,648,100.5,100.5,0.6,91,96
26,0,341,0,652,100.5,100.5,0.6,91,107
27,0,341,0,652,100.5,100.5,0.6,74,107
28,0,341,0,651,100.5,100.5,0.6,74,107
29,0,341,0,651,100.5,100.5,0.6,91,107
30,0,341,0,650,100.5,100.5,0.6,91,96
31,0,341,0,650,100.5,100.5,0.6,80,96
32,0,341,0,651,100.5,100.5,0.6,80,107
33,0,341,0,650,100.5,100.5,0.6,91,96
34,0,342,0,650,100.5,100.5,0.5,74,96
35,0,342,0,650,100.5,100.5,0.5,74,96
36,0,341,0,650,100.5,100.5,0.6,74,102
37,0,340,0,650,100.5,100.5,0.6,74,96
38,0,341,0,653,100.5,100.5,0.6,74,107
39,0,341,0,653,100.5,100.5,0.6,74,107
40,0,341,0,648,100.5,100.5,0.6,91,107
41,0,341,0,650,100.5,100.5,0.5,91,102
42,0,341,0,650,100.5,100.5,0.5,91,96
43,0,341,0,650,100.5,100.5,0.5,74,96
44,0,341,0,652,100.5,100.5,0.6,74,102
45,0,341,0,651,100.5,100.5,0.6,80,102
46,0,341,0,651,100.5,100.5,0.5,80,112
47,0,341,0,651,100.5,100.5,0.5,85,112
48,0,341,0,651,100.5,100.5,0.6,91,107
49,0,341,0,648,100.5,100.5,0.6,91,102
50,0,341,0,651,100.5,100.5,0.6,91,96
51,0,341,0,649,100.5,100.5,0.6,91,102
52,0,340,0,651,100.5,100.5,0.6,74,91
53,0,341,0,650,100.5,100.5,0.6,74,102
54,0,341,0,649,100.5,100.5,0.6,74,96
55,0,341,0,649,100.5,100.5,0.6,74,96
56,0,341,0,652,100.5,100.5,0.6,74,91
57,0,340,0,651,100.5,100.5,0.6,96,102
58,0,341,0,651,100.5,100.5,0.7,96,107
59,0,341,0,651,100.5,100.5,0.7,74,107
60,0,341,0,653,100.5,100.5,0.7,91,102
61,0,341,0,650,100.5,100.5,0.6,91,96
62,0,341,0,650,100.5,100.5,0.6,91,96
63,0,341,0,650,100.5,100.5,0.6,91,96
64,0,340,0,652,100.5,100.5,0.6,80,96
65,0,341,0,650,100.5,100.5,0.6,74,96
66,0,341,0,648,100.5,100.5,0.6,74,96
67,0,341,0,648,100.5,100.5,0.6,85,96
68,0,341,0,651,100.5,100.5,0.7,85,91
69,0,340,0,652,100.5,100.5,0.6,74,107
70,0,341,0,652,100.5,100.5,0.6,74,112
71,0,341,0,652,100.5,100.5,0.6,85,107
72,0,341,0,652,100.5,100.5,0.6,85,102
73,0,341,0,648,100.5,100.5,0.6,91,96
74,0,340,0,650,100.5,100.5,0.6,85,96
75,0,340,0,650,100.5,100.5,0.6,85,96
76,0,340,0,651,100.5,100.5,0.6,91,91
77,0,341,0,650,100.5,100.5,0.6,91,96
78,0,341,0,651,100.5,100.5,0.6,85,107
79,0,341,0,651,100.5,100.5,0.6,85,107
80,0,341,0,649,100.5,100.5,0.6,85,96
81,0,341,0,651,100.5,100.5,0.6,74,96
82,0,341,0,651,100.5,100.5,0.6,74,96
83,0,341,0,651,100.5,100.5,0.6,85,112
84,0,341,0,652,100.5,100.5,0.6,85,102
85,0,341,0,648,100.5,100.5,0.6,91,91
86,0,340,0,650,100.5,100.5,0.6,91,102
87,0,340,0,650,100.5,100.5,0.6,96,102
88,0,341,0,652,100.5,100.5,0.6,80,96
89,0,341,0,650,100.5,100.5,0.6,80,102
90,0,341,0,647,100.5,100.5,0.6,74,96
91,0,341,0,647,100.5,100.5,0.6,74,96
92,0,342,0,650,100.5,100.5,0.6,74,107
93,0,341,0,647,100.5,100.5,0.6,74,91
94,0,341,18,662,100.5,100.5,0.6,91,102
95,0,345,13,791,100.5,100.5,0.6,91,91
96,0,346,13,829,100.5,100.5,0.6,91,107
97,0,351,13,842,100.5,100.5,0.6,80,91
98,0,356,13,830,100.5,100.5,0.6,80,102
99,0,356,13,830,100.5,100.5,0.6,85,102
100,0,361,13,815,100.5,100.5,0.6,85,102
101,0,363,13,816,100.5,100.5,0.6,80,96
102,0,363,13,813,100.5,100.5,0.5,96,118
103,0,363,13,813,100.5,100.5,0.5,96,118
104,0,363,13,814,100.5,100.5,0.6,91,107
105,0,364,13,811,100.5,100.5,0.6,91,112
106,0,363,13,818,100.5,100.5,0.6,80,102
107,0,363,13,818,100.5,100.5,0.6,80,102
108,0,365,13,819,100.5,100.5,0.5,107,102
109,0,364,13,823,100.5,100.5,0.5,91,118
110,0,365,13,818,100.5,100.5,0.6,91,102
111,0,365,13,818,100.5,100.5,0.6,107,102
112,0,365,13,818,100.5,100.5,0.6,107,112
113,0,365,13,820,100.5,100.5,0.5,85,107
114,0,365,13,820,100.5,100.5,0.6,85,96
115,0,365,13,820,100.5,100.5,0.6,80,96
116,0,365,13,817,100.5,100.5,0.6,96,118
117,0,365,13,820,100.5,100.5,0.6,96,118
118,0,365,13,820,100.5,100.5,0.6,107,102
119,0,365,13,820,100.5,100.5,0.6,107,102
120,0,365,13,818,100.5,100.5,0.6,91,118
121,0,365,13,822,100.5,100.5,0.5,91,107
122,0,365,13,822,100.5,100.5,0.5,96,107
123,0,366,13,816,100.5,100.5,0.6,102,96
124,0,365,13,818,100.5,100.5,0.6,102,118
125,0,365,13,821,100.5,100.5,0.6,96,107
126,0,365,13,819,100.5,100.5,0.6,96,118
127,0,365,13,819,100.5,100.5,0.6,91,118
128,0,365,13,820,100.5,100.5,0.6,91,107
129,0,365,13,816,100.5,100.5,0.6,96,107
130,0,365,13,818,100.5,100.5,0.6,102,123
131,0,365,13,818,100.5,100.5,0.6,102,123
132,0,364,13,818,100.5,100.5,0.6,102,118
133,0,365,13,818,100.5,100.5,0.6,102,107
134,0,364,13,818,100.5,100.5,0.6,96,107
135,0,364,13,818,100.5,100.5,0.6,96,107
136,0,365,13,816,100.5,100.5,0.6,107,107
137,0,364,13,819,100.5,100.5,0.6,107,118
138,0,365,13,819,100.5,100.5,0.6,107,107
139,0,365,13,819,100.5,100.5,0.6,107,107
140,0,364,13,816,100.5,100.5,0.6,107,123
141,0,364,13,816,100.5,100.5,0.6,107,123
142,0,364,13,822,100.5,100.5,0.5,107,118
143,0,364,13,822,100.5,100.5,0.5,96,118
144,0,364,13,821,100.5,100.5,0.6,107,123
145,0,364,13,818,100.5,100.5,0.6,107,107
146,0,364,13,816,100.5,100.5,0.6,91,112
147,0,364,13,816,100.5,100.5,0.6,91,112
148,0,364,13,813,100.5,100.5,0.6,112,107
149,0,364,13,817,100.5,100.5,0.6,112,118
150,0,364,13,813,100.5,100.5,0.5,102,128
151,0,363,13,819,100.5,100.5,0.6,102,112
152,0,364,13,815,100.5,100.5,0.7,112,123
153,0,364,13,817,100.5,100.5,0.6,102,133
154,0,364,13,818,100.5,100.5,0.6,102,128
155,0,364,13,818,100.5,100.5,0.6,107,128
156,0,364,13,818,100.5,100.5,0.6,107,118
157,0,364,13,818,100.5,100.5,0.6,112,118
158,0,364,13,815,100.5,100.5,0.6,112,118
159,0,364,13,815,100.5,100.5,0.6,123,118
160,0,363,13,814,100.5,100.5,0.6,123,128
161,2,363,13,818,100.5,100.5,0.6,123,112
162,2,363,13,818,100.5,100.5,0.6,123,112
163,0,362,13,811,100.5,100.5,0.6,123,123
164,0,362,13,814,100.5,100.5,0.6,102,123
165,0,362,13,811,100.5,100.5,0.6,102,139
166,0,362,13,814,100.5,100.5,0.6,123,123
167,0,362,13,814,100.5,100.5,0.6,123,123
168,2,362,13,816,100.5,100.5,0.6,128,139
169,2,362,13,815,100.5,100.5,0.6,128,123
170,0,362,13,818,100.5,100.5,0.6,118,139
171,0,362,13,818,100.5,100.5,0.6,118,139
172,0,362,13,821,100.5,100.5,0.6,128,149
173,0,362,13,821,100.5,100.5,0.6,128,149
174,2,362,13,821,100.5,100.5,0.6,133,139
175,2,362,13,822,100.5,100.5,0.5,139,139
176,2,363,13,819,100.5,100.5,0.6,139,133
177,2,362,13,823,100.5,100.5,0.6,128,144
178,0,363,13,819,100.5,100.5,0.6,128,154
179,2,362,13,818,100.5,100.5,0.6,123,159
180,2,362,13,818,100.5,100.5,0.6,123,159
181,2,363,13,820,100.5,100.5,0.6,139,144
182,2,362,13,819,100.5,100.5,0.6,149,154
183,2,362,13,819,100.5,100.5,0.6,149,154
184,0,363,13,820,100.5,100.5,0.6,149,154
185,2,363,13,822,100.5,100.5,0.5,149,159
186,0,363,13,828,100.5,100.5,0.6,144,159
187,0,363,13,828,100.5,100.5,0.6,144,159
188,2,363,13,828,100.5,100.5,0.6,154,164
189,0,363,13,822,100.5,100.5,0.6,144,154
190,0,363,13,822,100.5,100.5,0.6,144,154
191,2,364,13,816,100.5,100.5,0.6,133,149
192,2,364,13,813,100.5,100.5,0.6,133,159
193,2,363,13,817,100.5,100.5,0.6,159,159
194,2,363,13,821,100.5,100.5,0.6,159,154
195,2,363,13,825,100.5,100.5,0.7,144,159
196,0,362,13,824,100.5,100.5,0.6,144,164
197,0,363,13,819,100.5,100.5,0.6,154,164
198,2,362,13,818,100.5,100.5,0.6,154,154
199,2,362,13,818,100.5,100.5,0.6,154,154
200,2,362,13,820,100.5,100.5,0.6,149,169
201,2,362,13,820,100.5,100.5,0.6,149,169
202,2,363,13,821,100.5,100.5,0.6,159,159
203,2,363,13,821,100.5,100.5,0.6,159,159
204,2,363,13,818,100.5,100.5,0.6,159,154
205,0,363,13,822,100.5,100.5,0.6,149,159
206,0,362,13,820,100.5,100.5,0.6,149,164
207,0,363,13,822,100.5,100.5,0.6,149,154
208,0,363,13,822,100.5,100.5,0.6,149,154
209,2,363,13,821,100.5,100.5,0.7,154,174
210,0,362,13,819,100.5,100.5,0.6,154,154
211,0,362,13,819,100.5,100.5,0.6,149,154
212,2,362,13,817,100.5,100.5,0.6,169,159
213,0,362,13,820,100.5,100.5,0.6,169,169
214,0,362,13,819,100.5,100.5,0.6,169,174
215,0,362,13,819,100.5,100.5,0.6,169,174
216,0,363,13,823,100.5,100.5,0.6,169,169
217,0,363,13,823,100.5,100.5,0.6,169,169
218,0,362,13,820,100.5,100.5,0.6,174,174
219,2,362,13,820,100.5,100.5,0.6,159,169
220,2,362,13,823,100.5,100.5,0.6,159,179
221,2,363,13,820,100.5,100.5,0.6,159,159
222,2,362,13,821,100.5,100.5,0.6,159,164
223,2,362,13,821,100.5,100.5,0.6,174,159
224,2,362,13,821,100.5,100.5,0.6,174,159
225,2,362,13,819,100.5,100.5,0.5,174,159
226,2,363,13,820,100.5,100.5,0.5,169,174
227,2,363,13,820,100.5,100.5,0.5,169,174
228,0,362,13,821,100.5,100.5,0.5,179,174
229,0,363,13,819,100.5,100.5,0.6,179,164
230,2,363,13,820,100.5,100.5,0.6,154,164
231,2,363,13,820,100.5,100.5,0.6,154,164
232,2,363,13,821,100.5,100.5,0.6,169,179
233,0,363,13,823,100.5,100.5,0.6,169,174
234,2,363,13,822,100.5,100.5,0.6,169,164
235,2,363,13,818,100.5,100.5,0.6,184,169
236,2,363,13,819,100.5,100.5,0.6,184,169
237,2,363,13,819,100.5,100.5,0.6,179,179
238,2,363,13,819,100.5,100.5,0.6,179,179
239,2,363,13,819,100.5,100.5,0.6,169,169
240,2,362,13,820,100.5,100.5,0.6,169,159
241,0,363,13,821,100.5,100.5,0.6,169,174
242,2,362,13,820,100.5,100.5,0.6,184,169
243,2,362,13,820,100.5,100.5,0.6,184,169
244,0,363,13,820,100.5,100.5,0.5,179,169
245,2,363,13,821,100.5,100.5,0.6,179,179
246,2,363,13,822,100.5,100.5,0.5,179,184
247,2,363,13,819,100.5,100.5,0.6,164,169
248,2,363,13,817,100.5,100.5,0.6,164,164
249,2,362,13,822,100.5,100.5,0.5,184,169
250,2,363,13,819,100.5,100.5,0.6,184,179
251,2,362,13,819,100.5,100.5,0.5,184,179
252,2,362,13,819,100.5,100.5,0.5,184,179
253,2,363,13,820,100.5,100.5,0.6,159,164
254,0,362,13,817,100.5,100.5,0.5,164,174
255,0,362,13,817,100.5,100.5,0.5,164,174
256,0,363,13,818,100.5,100.5,0.6,169,164
257,2,362,13,817,100.5,100.5,0.6,169,164
258,2,362,13,816,100.5,100.5,0.6,179,179
259,2,362,13,816,100.5,100.5,0.6,179,179
260,2,362,13,819,100.5,100.5,0.6,184,179
261,0,363,13,821,100.5,100.5,0.6,174,179
262,0,363,13,821,100.5,100.5,0.6,174,179
263,0,363,13,819,100.5,100.5,0.6,169,164
264,2,363,13,819,100.5,100.5,0.6,169,179
265,2,362,13,821,100.5,100.5,0.6,169,189
266,2,362,13,821,100.5,100.5,0.6,169,189
267,2,363,13,822,100.5,100.5,0.6,189,179
268,0,363,13,822,100.5,100.5,0.6,174,169
269,2,363,13,820,100.5,100.5,0.6,174,189
270,2,363,13,820,100.5,100.5,0.6,174,179
271,2,363,13,820,100.5,100.5,0.6,174,179
272,2,362,13,822,100.5,100.5,0.6,174,174
273,0,363,13,821,100.5,100.5,0.6,179,169
274,0,363,13,821,100.5,100.5,0.6,179,169
275,2,363,13,823,100.5,100.5,0.6,169,169
276,2,363,13,819,100.5,100.5,0.6,169,179
277,2,363,13,820,100.5,100.5,0.6,189,189
278,2,363,13,820,100.5,100.5,0.6,189,189
279,2,363,13,822,100.5,100.5,0.5,179,179
280,2,363,13,823,100.5,100.5,0.6,169,174
281,0,362,13,820,100.5,100.5,0.6,169,169
282,2,362,13,818,100.5,100.5,0.6,184,169
283,2,362,13,818,100.5,100.5,0.6,184,169
284,2,363,13,820,100.5,100.5,0.7,179,174
285,2,363,13,820,100.5,100.5,0.7,179,174
286,0,362,13,820,100.5,100.5,0.7,194,179
287,0,363,13,822,100.5,100.0,0.7,174,169
288,2,363,13,820,100.5,100.5,0.6,174,169
289,2,362,13,822,100.5,100.5,0.7,179,184
290,2,363,13,823,100.5,100.5,0.6,179,179
291,2,362,13,821,100.5,100.5,0.6,189,174
292,2,363,13,823,100.5,100.5,0.6,189,189
293,2,363,13,825,100.5,100.5,0.6,194,184
294,2,363,13,817,100.5,100.5,0.7,179,179
295,2,363,13,817,100.5,100.5,0.7,179,179
296,2,362,13,819,100.5,100.5,0.6,184,189
297,2,362,13,819,100.5,100.5,0.6,184,189
298,0,362,13,820,100.5,100.5,0.6,184,169
299,2,363,13,822,100.5,100.5,0.6,179,189
300,2,363,13,819,100.5,100.5,0.5,179,179
301,2,362,13,817,100.5,100.5,0.6,194,179
302,2,363,13,822,100.5,100.5,0.5,194,184
303,2,362,13,819,100.5,100.5,0.6,194,189
304,2,362,13,819,100.5,100.5,0.6,194,189
305,2,362,13,819,100.5,100.5,0.6,189,169
306,0,363,13,819,100.5,100.5,0.5,184,179
307,2,362,13,823,100.5,100.5,0.6,184,189
308,2,363,13,822,100.5,100.5,0.6,174,174
309,2,363,13,822,100.5,100.5,0.6,174,174
310,0,363,13,822,100.5,100.5,0.6,174,189
311,0,363,13,822,100.5,100.5,0.6,174,189
312,2,363,13,824,100.5,100.5,0.6,184,194
313,2,363,13,818,100.5,100.5,0.6,194,174
314,0,363,13,822,100.5,100.5,0.6,194,174
315,2,363,13,819,100.5,100.5,0.6,184,189
316,2,363,13,822,100.5,100.5,0.6,184,179
317,2,363,13,820,100.5,100.5,0.6,179,189
318,2,363,13,820,100.5,100.5,0.6,179,189
319,2,363,13,818,100.5,100.5,0.6,184,189
320,2,363,13,821,100.5,100.5,0.6,184,189
321,2,364,13,820,100.5,100.5,0.6,184,184
322,0,363,13,816,100.5,100.5,0.5,174,179
323,0,363,13,816,100.5,100.5,0.5,174,179
324,0,363,13,822,100.5,100.5,0.6,189,169
325,0,363,13,822,100.5,100.5,0.6,189,169
326,2,363,13,823,100.5,100.5,0.6,184,184
327,2,363,13,823,100.5,100.5,0.6,184,184
328,0,363,13,822,100.5,100.5,0.6,184,169
329,2,363,13,822,100.5,100.5,0.6,174,189
330,2,363,13,822,100.5,100.5,0.6,174,189
331,0,363,13,819,100.5,100.5,0.6,179,189
332,0,363,13,819,100.5,100.5,0.6,179,189
333,0,363,13,819,100.5,100.5,0.6,194,174
334,0,363,13,820,100.5,100.5,0.6,184,179
335,0,363,13,822,100.5,100.5,0.6,184,174
336,0,363,13,820,100.5,100.5,0.5,179,184
337,0,363,13,818,100.5,100.5,0.6,179,169
338,2,363,13,825,100.5,100.5,0.6,174,179
339,2,363,13,825,100.5,100.5,0.6,174,179
340,2,364,13,822,100.5,100.5,0.6,184,169
341,2,363,13,817,100.5,100.5,0.7,169,174
342,2,363,13,821,100.5,100.5,0.6,169,179
343,2,363,13,819,100.5,100.5,0.5,169,184
344,2,363,13,821,100.5,100.5,0.6,169,184
345,0,363,13,823,100.5,100.0,0.6,179,184
346,0,363,13,823,100.5,100.0,0.6,179,184
347,0,364,13,822,100.5,100.5,0.6,184,169
348,0,363,13,823,100.5,100.5,0.6,184,184
349,2,364,13,819,100.5,100.5,0.6,184,174
350,0,364,13,819,100.5,100.5,0.6,194,179
351,0,364,13,819,100.5,100.5,0.6,194,179
352,0,364,13,817,100.5,100.5,0.6,184,189
353,0,363,13,818,100.5,100.5,0.6,184,184
354,2,364,13,818,100.5,100.5,0.5,194,179
355,0,363,13,818,100.5,100.5,0.7,189,179
356,2,363,13,822,100.5,100.5,0.6,189,174
357,2,364,13,822,100.5,100.5,0.6,179,184
358,0,363,13,817,100.5,100.5,0.5,179,169
359,2,364,13,819,100.5,100.5,0.6,174,179
360,0,363,13,820,100.5,100.5,0.6,189,189
361,0,364,13,817,100.5,100.5,0.7,189,169
362,0,363,13,823,100.5,100.5,0.6,189,179
363,0,364,13,822,100.5,100.5,0.6,189,184
364,0,363,13,818,100.5,100.5,0.6,174,179
365,0,363,13,818,100.5,100.5,0.6,174,179
366,2,363,13,818,100.5,100.5,0.5,169,179
367,2,363,13,818,100.5,100.5,0.5,169,179
368,0,364,13,821,100.5,100.5,0.7,169,184
369,0,364,13,820,100.5,100.0,0.6,169,164
370,0,363,13,821,100.5,100.5,0.6,169,179
371,2,364,13,818,100.5,100.5,0.6,184,174
372,2,364,13,818,100.5,100.5,0.6,184,174
373,0,364,13,817,100.5,100.5,0.5,189,164
374,2,363,13,823,100.5,100.0,0.5,174,164
375,2,363,13,821,100.5,100.5,0.6,174,189
376,2,363,13,820,100.5,100.0,0.5,164,189
377,2,363,13,820,100.5,100.5,0.6,164,164
378,0,363,13,817,100.5,100.5,0.5,189,179
379,0,363,13,817,100.5,100.5,0.5,189,179
380,2,363,13,822,100.5,100.5,0.6,169,169
381,2,364,13,821,100.5,100.5,0.6,164,184
382,0,363,13,820,100.5,100.5,0.5,164,164
383,0,364,13,820,100.5,100.5,0.6,179,179
384,0,364,13,819,100.5,100.5,0.5,179,169
385,0,364,13,818,100.5,100.0,0.6,189,184
386,0,364,13,818,100.5,100.0,0.6,189,184
387,0,364,13,819,100.5,100.5,0.6,189,174
388,2,363,13,819,100.5,100.5,0.6,174,174
389,0,363,13,820,100.5,100.5,0.6,174,184
390,0,363,13,822,100.5,100.5,0.5,169,164
391,2,363,13,821,100.5,100.0,0.5,169,174
392,2,363,13,820,100.5,100.5,0.6,164,174
393,2,363,13,820,100.5,100.5,0.6,164,174
394,0,363,13,820,100.5,100.5,0.6,184,164
395,0,364,13,822,100.5,100.5,0.6,174,189
396,0,364,13,819,100.5,100.5,0.6,174,174
397,0,363,13,817,100.5,100.0,0.7,169,169
398,2,363,13,823,100.5,100.0,0.5,169,184
399,0,363,13,818,100.5,100.5,0.7,184,169
400,0,363,13,818,100.5,100.5,0.7,184,169
401,2,363,13,819,100.5,100.5,0.6,179,169
402,2,364,13,819,100.5,100.0,0.5,174,174
403,2,364,13,819,100.5,100.0,0.5,174,174
404,2,364,13,822,100.5,100.5,0.6,184,174
405,0,363,13,819,100.5,100.5,0.6,184,184
406,2,363,13,819,100.5,100.5,0.6,179,184
407,2,363,13,819,100.5,100.5,0.6,179,184
408,0,364,13,818,100.5,100.5,0.6,174,174
409,0,363,13,818,100.5,100.5,0.6,174,164
410,2,364,13,821,100.5,100.0,0.7,174,179
411,0,363,13,819,100.5,100.5,0.6,169,164
412,2,363,13,819,100.5,100.5,0.7,169,169
413,2,363,13,819,100.5,100.5,0.6,174,179
414,0,363,13,818,100.5,100.5,0.6,174,169
415,2,363,13,820,100.5,100.5,0.7,189,179
416,0,363,13,818,100.5,100.5,0.6,164,179
417,0,363,13,820,100.5,100.5,0.6,164,169
418,2,364,13,819,100.5,100.5,0.5,184,184
419,2,364,13,819,100.5,100.5,0.5,184,184
420,0,363,13,820,100.5,100.5,0.6,174,164
421,0,363,13,820,100.5,100.0,0.6,174,184
422,2,364,13,823,100.5,100.5,0.6,174,184
423,0,363,13,819,100.5,100.0,0.5,164,169
424,2,363,13,823,100.5,100.5,0.6,164,169
425,0,364,13,820,100.5,100.5,0.7,189,169
426,0,363,13,817,100.5,100.5,0.5,189,179
427,0,363,13,819,100.5,100.0,0.6,164,164
428,0,363,13,818,100.5,100.0,0.5,174,174
429,0,364,13,822,100.5,100.5,0.5,174,169
430,0,363,13,821,100.5,100.5,0.6,164,174
431,2,364,13,820,100.5,100.5,0.6,164,169
432,0,363,13,822,100.5,100.5,0.6,169,184
433,2,363,13,822,100.5,100.5,0.6,169,164
434,2,364,13,820,100.5,100.5,0.6,184,174
435,0,363,13,818,100.5,100.5,0.6,189,179
436,2,363,13,823,100.5,100.5,0.5,189,169
437,2,364,13,821,100.5,100.5,0.6,184,159
438,0,363,13,818,100.5,100.0,0.5,184,179
439,2,364,13,820,100.5,100.5,0.6,169,164
440,2,364,13,820,100.5,100.5,0.6,169,164
441,2,363,13,823,100.5,100.0,0.5,184,164
442,0,363,13,821,100.5,100.5,0.5,174,174
443,2,363,13,820,100.5,100.0,0.6,174,174
444,0,363,13,817,100.5,100.5,0.6,179,169
445,0,363,13,821,100.5,100.5,0.6,179,179
446,2,363,13,819,100.5,100.5,0.6,184,159
447,2,363,13,819,100.5,100.5,0.6,184,159
448,0,363,13,823,100.5,100.0,0.5,164,184
449,0,364,13,819,100.5,100.5,0.6,189,179
450,0,363,13,819,100.5,100.0,0.6,189,164
451,0,364,13,822,100.5,100.0,0.6,164,169
452,0,363,13,818,100.5,100.5,0.5,164,169
453,0,363,13,822,100.5,100.0,0.6,184,174
454,0,364,13,820,100.5,100.5,0.7,184,184
455,0,363,13,820,100.5,100.5,0.6,184,174
456,0,364,13,818,100.5,100.0,0.6,164,179
457,2,363,13,821,100.5,100.5,0.5,164,164
458,2,363,13,821,100.5,100.5,0.6,174,184
459,0,363,13,818,100.5,100.5,0.6,174,159
460,0,364,13,819,100.5,100.5,0.6,179,174
461,0,363,13,818,100.5,100.5,0.6,179,169
462,0,363,13,820,100.5,100.5,0.6,179,164
463,2,363,13,820,100.5,100.0,0.5,179,184
464,0,363,13,818,100.5,100.5,0.6,179,184
465,0,363,13,823,100.5,100.5,0.6,169,164
466,0,363,13,821,100.5,100.5,0.6,169,179
467,0,363,13,819,100.5,100.5,0.5,184,184
468,0,363,13,819,100.5,100.5,0.5,184,184
469,2,363,13,822,100.5,100.5,0.6,164,179
470,2,364,13,820,100.5,100.0,0.5,184,174
471,2,363,13,818,100.5,100.5,0.6,184,164
472,0,363,13,822,100.5,100.5,0.6,179,164
473,0,364,13,819,100.5,100.0,0.6,179,179
474,0,364,13,821,100.5,100.5,0.7,174,164
475,2,363,13,822,100.5,100.5,0.6,169,169
476,0,364,13,818,100.5,100.0,0.6,169,184
477,2,363,13,824,100.5,100.5,0.7,179,164
478,0,364,13,821,100.5,100.5,0.6,179,184
479,0,363,13,818,100.5,100.5,0.7,179,159
480,0,363,13,817,100.5,100.0,0.6,179,164
481,0,363,13,821,100.5,100.5,0.6,164,184
482,2,364,13,822,100.5,100.5,0.5,169,179
483,2,363,13,818,100.5,100.0,0.6,169,164
484,2,363,13,823,100.5,100.0,0.5,174,164
485,2,364,13,818,100.5,100.5,0.6,174,179
486,0,363,13,820,100.5,100.5,0.6,169,179
487,2,364,13,819,100.5,100.5,0.6,169,164
488,0,364,13,818,100.5,100.5,0.6,174,179
489,0,363,13,821,100.5,100.0,0.6,164,164
490,0,363,13,818,100.5,100.5,0.7,164,179
491,0,363,13,818,100.5,100.5,0.6,179,174
492,0,363,13,819,100.5,100.5,0.6,179,184
493,2,363,13,819,100.5,100.5,0.6,164,164
494,2,363,13,821,100.5,100.5,0.6,164,174
495,2,363,13,821,100.5,100.5,0.7,169,169
496,2,363,13,822,100.5,100.5,0.6,159,169
497,0,363,13,820,100.5,100.5,0.6,159,174
498,0,364,13,819,100.5,100.5,0.5,179,184
499,2,364,13,819,100.5,100.5,0.6,179,164
500,2,363,13,819,100.5,100.5,0.6,174,169
501,2,363,13,823,100.5,100.5,0.6,174,169
502,0,364,13,819,100.5,100.5,0.7,169,184
503,0,363,13,820,100.5,100.0,0.6,184,159
504,0,363,13,820,100.5,100.5,0.6,184,169
505,0,363,13,822,100.5,100.5,0.6,184,174
506,2,363,13,822,100.5,100.5,0.6,184,179
507,2,363,13,820,100.5,100.5,0.7,164,164
508,0,363,13,823,100.5,100.5,0.6,164,184
509,2,364,13,818,100.5,100.5,0.6,169,169
510,0,364,13,819,100.5,100.5,0.6,174,179
511,2,363,13,822,100.5,100.5,0.6,174,184
512,2,363,13,818,100.5,100.5,0.7,169,174
513,2,364,13,822,100.5,100.5,0.6,169,184
514,0,363,13,818,100.5,100.5,0.5,184,164
515,2,363,13,820,100.5,100.5,0.6,184,179
516,0,364,13,817,100.5,100.5,0.6,174,169
517,2,363,13,821,100.5,100.5,0.6,169,169
518,2,363,13,820,100.5,100.5,0.6,169,184
519,2,363,13,817,100.5,100.5,0.6,179,164
520,0,363,13,823,100.5,100.5,0.5,179,169
521,0,364,13,817,100.5,100.5,0.6,174,179
522,2,363,13,818,100.5,100.5,0.6,174,179
523,2,363,13,818,100.5,100.5,0.6,159,164
524,0,363,13,818,100.5,100.0,0.6,174,174
525,0,363,13,823,100.5,100.5,0.5,174,184
526,0,364,13,820,100.5,100.5,0.7,169,174
527,2,363,13,820,100.5,100.5,0.6,169,164
528,0,363,13,820,100.5,100.5,0.6,179,174
529,0,363,13,822,100.5,100.5,0.7,179,164
530,2,363,13,821,100.5,100.5,0.6,174,179
531,2,363,13,819,100.5,100.5,0.6,159,179
532,0,363,13,822,100.5,100.5,0.6,159,179
533,0,363,13,819,100.5,100.5,0.6,169,169
534,0,363,13,819,100.5,100.5,0.6,169,174
535,2,363,13,819,100.5,100.0,0.6,174,184
536,0,363,13,818,100.5,100.5,0.5,174,174
537,2,363,13,822,100.5,100.5,0.6,184,179
538,0,363,13,819,100.5,100.5,0.6,169,164
539,0,362,13,820,100.5,100.0,0.6,169,184
540,0,363,13,819,100.5,100.5,0.6,184,169
541,2,363,13,821,100.5,100.5,0.7,184,174
542,2,363,13,819,100.5,100.5,0.6,179,184
543,2,363,13,818,100.5,100.5,0.7,179,169
544,2,363,13,817,100.5,100.5,0.6,169,169
545,2,362,13,817,100.5,100.5,0.6,169,169
546,0,363,13,821,100.5,100.5,0.6,169,164
547,0,363,13,819,100.5,100.5,0.6,184,174
548,0,363,13,823,100.5,100.5,0.5,184,179
549,0,363,13,823,100.5,100.5,0.6,179,169
550,0,363,13,820,100.5,100.5,0.6,179,184
551,0,362,13,820,100.5,100.5,0.6,189,179
552,2,363,13,820,100.5,100.5,0.6,174,179
553,2,363,13,819,100.5,100.5,0.6,174,164
554,0,362,13,817,100.5,100.5,0.5,169,189
555,2,363,13,821,100.5,100.5,0.6,169,169
556,0,363,13,820,100.5,100.5,0.6,184,169
557,2,363,13,820,100.5,100.5,0.6,184,184
558,0,363,13,818,100.5,100.5,0.6,169,169
559,0,363,13,818,100.5,100.5,0.7,164,179
560,0,363,13,820,100.5,100.5,0.6,164,184
561,0,363,13,823,100.5,100.5,0.5,189,174
562,0,363,13,819,100.5,100.0,0.6,189,179
563,0,363,13,824,100.5,100.5,0.5,189,179
564,2,363,13,818,100.5,100.0,0.6,189,174
565,2,363,13,817,100.5,100.5,0.6,174,179
566,0,363,13,819,100.5,100.5,0.6,179,164
567,2,364,13,822,100.5,100.5,0.6,179,174
568,0,363,13,824,100.5,100.5,0.6,164,174
569,0,363,13,819,100.5,100.5,0.6,164,174
570,2,364,13,822,100.5,100.5,0.5,184,169
571,2,364,13,820,100.5,100.5,0.6,184,184
572,0,364,13,822,100.5,100.5,0.6,189,169
573,2,363,13,823,100.5,100.5,0.7,179,179
574,0,364,13,819,100.5,100.5,0.5,179,179
575,0,363,13,821,100.5,100.5,0.6,174,164
576,0,364,13,821,100.5,100.5,0.6,174,169
577,2,364,13,822,100.5,100.0,0.6,179,184
578,2,363,13,822,100.5,100.5,0.5,179,174
579,0,363,13,819,100.5,100.5,0.6,164,179
580,2,363,13,824,100.5,100.5,0.5,164,184
581,0,364,13,820,100.5,100.5,0.6,164,174
582,0,364,13,819,100.5,100.5,0.6,179,179
583,2,363,13,821,100.5,100.5,0.6,179,184
584,0,364,13,821,100.5,100.5,0.7,179,169
585,2,363,13,823,100.5,100.5,0.6,179,179
586,0,364,13,823,100.5,100.5,0.6,169,169
587,2,364,13,820,100.5,100.5,0.6,164,164
588,0,364,13,817,100.5,100.5,0.6,164,169
589,2,364,13,823,100.5,100.5,0.6,179,184
590,2,364,13,823,100.5,100.5,0.6,179,169
591,0,363,13,822,100.5,100.5,0.6,164,184
592,2,363,13,823,100.5,100.5,0.6,164,179
593,2,364,13,822,100.5,100.5,0.6,174,174
594,0,364,13,819,100.5,100.5,0.6,169,169
595,2,364,13,820,100.5,100.5,0.6,169,174
596,0,364,13,818,100.5,100.5,0.6,184,174
597,0,363,13,823,100.5,100.5,0.5,184,164
598,2,364,13,820,100.5,100.5,0.6,169,174
599,2,363,13,819,100.5,100.5,0.6,169,169
600,2,364,13,814,100.5,100.5,0.5,174,184
601,0,363,13,817,100.5,100.5,0.6,184,164
602,2,363,13,814,100.5,100.5,0.5,184,179
603,0,364,13,814,100.5,100.5,0.6,174,184
604,0,363,13,815,100.5,100.5,0.6,174,174
605,2,363,13,817,100.5,100.0,0.6,174,179
606,0,363,13,817,100.5,100.5,0.6,174,174
607,0,363,13,819,100.5,100.5,0.7,169,169
608,2,363,13,819,100.5,100.5,0.6,179,179
609,2,364,13,818,100.5,100.5,0.6,179,164
610,2,363,13,821,100.5,100.5,0.6,174,179
611,2,364,13,823,100.5,100.5,0.5,174,184
612,2,363,13,820,100.5,100.5,0.7,169,169
613,0,363,13,822,100.5,100.5,0.6,169,184
614,2,363,13,818,100.5,100.5,0.6,184,164
615,0,363,13,819,100.5,100.5,0.5,184,164
616,2,364,13,821,100.5,100.5,0.6,184,169
617,0,364,13,823,100.5,100.5,0.6,169,179
618,0,364,13,820,100.5,100.0,0.5,169,169
619,0,364,13,819,100.5,100.5,0.6,179,169
620,2,363,13,818,100.5,100.5,0.6,179,179
621,2,364,13,823,100.5,100.5,0.5,169,174
622,2,363,13,823,100.5,100.5,0.6,189,179
623,2,364,13,823,100.5,100.5,0.5,189,179
624,0,364,13,820,100.5,100.5,0.6,189,189
625,2,363,13,823,100.5,100.5,0.6,189,184
626,0,364,13,823,100.5,100.5,0.6,189,184
627,0,363,13,820,100.5,100.5,0.6,189,169
628,2,364,13,820,100.5,100.5,0.7,169,169
629,0,363,13,822,100.5,100.5,0.6,189,184
630,0,364,13,823,100.5,100.5,0.5,189,184
631,2,363,13,822,100.5,100.5,0.5,194,169
632,2,363,13,823,100.5,100.5,0.6,194,194
633,0,364,13,820,100.5,100.5,0.6,174,169
634,2,363,13,819,100.5,100.5,0.5,174,189
635,2,363,13,822,100.5,100.5,0.6,184,179
636,2,363,13,823,100.5,100.5,0.6,169,194
637,2,363,13,819,100.5,100.5,0.6,169,169
638,2,364,13,821,100.5,100.5,0.6,184,184
639,2,364,13,821,100.5,100.5,0.6,184,174
640,0,363,13,823,100.5,100.5,0.6,169,179
641,2,364,13,822,100.5,100.0,0.6,169,189
642,0,364,13,822,100.5,100.5,0.6,194,194
643,0,364,13,819,100.5,100.5,0.5,174,184
644,2,364,13,821,100.5,100.5,0.6,174,174
645,2,363,13,818,100.5,100.5,0.6,189,169
646,0,364,13,818,100.5,100.0,0.5,189,184
647,2,363,13,825,100.5,100.5,0.6,189,184
648,2,363,13,824,100.5,100.5,0.5,189,179
649,2,364,13,823,100.5,100.5,0.6,179,169
650,2,364,13,823,100.5,100.5,0.6,199,194
651,2,364,13,825,100.5,100.0,0.6,199,174
652,2,364,13,825,100.5,100.5,0.6,179,169
653,0,364,13,822,100.5,100.5,0.6,179,179
654,0,364,13,821,100.5,100.0,0.6,189,184
655,2,364,13,823,100.5,100.5,0.6,189,169
656,0,364,13,823,100.5,100.5,0.5,179,169
657,0,364,13,820,100.5,100.5,0.6,189,179
658,2,364,13,821,100.5,100.5,0.6,189,194
659,2,364,13,823,100.5,100.5,0.6,179,184
660,0,365,13,816,100.5,100.5,0.6,179,189
661,2,364,13,821,100.5,100.5,0.6,174,174
662,2,364,13,823,100.5,100.5,0.5,174,174
663,2,364,13,820,100.5,100.5,0.6,174,189
664,0,364,13,823,100.5,100.5,0.5,194,184
665,0,364,13,819,100.5,100.5,0.6,194,174
666,0,364,13,816,100.5,100.5,0.6,174,184
667,2,364,13,821,100.5,100.5,0.7,174,179
668,0,363,13,823,100.5,100.5,0.5,179,189
669,0,363,13,822,100.5,100.5,0.7,179,179
670,0,364,13,823,100.5,100.5,0.6,169,169
671,2,364,13,820,100.5,100.5,0.6,194,174
672,0,364,13,818,100.5,100.0,0.6,194,174
673,0,364,13,822,100.5,100.5,0.6,179,189
674,2,363,13,823,100.5,100.5,0.6,179,169
675,2,363,13,822,100.5,100.0,0.6,184,179
676,2,363,13,823,100.5,100.5,0.6,184,179
677,2,364,13,819,100.5,100.5,0.7,164,174
678,0,364,13,819,100.5,100.5,0.5,184,189
679,2,364,13,821,100.5,100.5,0.6,184,184
680,0,364,13,819,100.5,100.5,0.6,164,189
681,0,363,13,823,100.5,100.5,0.6,164,179
682,0,364,13,820,100.5,100.5,0.7,189,184
683,2,364,13,820,100.5,100.5,0.6,189,184
684,0,364,13,820,100.5,100.5,0.6,189,189
685,0,364,13,821,100.5,100.5,0.5,179,179
686,2,364,13,821,100.5,100.5,0.6,179,184
687,2,364,13,818,100.5,100.5,0.6,169,169
688,2,364,13,823,100.5,100.5,0.6,169,179
689,0,364,13,818,100.5,100.5,0.6,189,189
690,0,364,13,819,100.5,100.5,0.5,189,164
691,0,364,13,819,100.5,100.5,0.5,164,164
692,0,364,13,819,100.5,100.5,0.6,184,174
693,2,364,13,824,100.5,100.5,0.5,184,174
694,0,363,13,821,100.5,100.5,0.5,169,174
695,0,363,13,821,100.5,100.5,0.6,169,164
696,0,364,13,821,100.5,100.0,0.5,169,184
697,0,364,13,821,100.5,100.5,0.6,169,169
698,0,364,13,821,100.5,100.0,0.6,189,174
699,0,364,13,818,100.5,100.0,0.6,179,184
700,0,364,13,823,100.5,100.5,0.5,179,189
701,0,364,13,819,100.5,100.5,0.6,179,164
702,0,363,13,814,100.5,100.5,0.6,179,184
703,2,364,13,813,100.5,100.5,0.6,189,189
704,0,364,13,814,100.5,100.5,0.6,189,164
705,0,363,13,814,100.5,100.5,0.6,184,184
706,2,363,13,815,100.5,100.5,0.5,169,174
707,2,363,13,819,100.5,100.0,0.6,169,184
708,2,363,13,818,100.5,100.5,0.6,174,164
709,2,363,13,818,100.5,100.0,0.6,174,179
710,0,363,13,821,100.5,100.5,0.6,164,184
711,0,363,13,819,100.5,100.5,0.5,164,174
712,2,363,13,821,100.5,100.5,0.6,184,174
713,0,363,13,822,100.5,100.0,0.6,189,164
714,2,364,13,820,100.5,100.5,0.6,189,179
715,0,363,13,822,100.5,100.0,0.5,189,184
716,2,363,13,819,100.5,100.5,0.6,189,174
717,2,364,13,818,100.5,100.5,0.6,179,174
718,2,363,13,823,100.5,100.0,0.6,179,174
719,2,364,13,823,100.5,100.0,0.5,174,189
720,2,363,13,821,100.5,100.5,0.6,179,184
721,2,363,13,819,100.5,100.5,0.6,179,174
722,0,363,13,822,100.5,100.5,0.5,194,184
723,0,364,13,822,100.5,100.5,0.6,194,169
724,0,364,13,823,100.5,100.5,0.6,169,174
725,2,363,13,822,100.5,100.5,0.5,169,184
726,0,364,13,822,100.5,100.5,0.6,174,169
727,0,363,13,818,100.5,100.5,0.5,174,189
728,2,364,13,822,100.5,100.5,0.6,174,169
729,2,363,13,821,100.5,100.5,0.6,194,169
730,2,364,13,820,100.5,100.5,0.6,194,179
731,2,363,13,823,100.5,100.0,0.5,179,179
732,2,363,13,823,100.5,100.5,0.6,179,194
733,2,363,13,821,100.5,100.5,0.5,184,174
734,0,363,13,818,100.5,100.5,0.5,194,194
735,0,364,13,821,100.5,100.5,0.6,194,174
736,0,364,13,820,100.5,100.5,0.5,184,169
737,2,363,13,820,100.5,100.5,0.6,184,189
738,0,364,13,822,100.5,100.5,0.6,184,189
739,2,363,13,819,100.5,100.5,0.6,184,174
740,2,363,13,818,100.5,100.5,0.6,179,184
741,0,363,13,823,100.5,100.0,0.5,194,184
742,2,364,13,820,100.5,100.5,0.6,194,189
743,0,363,13,821,100.5,100.5,0.6,174,194
744,0,363,13,822,100.5,100.5,0.6,174,184
745,2,363,13,819,100.5,100.5,0.6,174,169
746,0,363,13,820,100.5,100.5,0.5,174,189
747,2,363,13,822,100.5,100.5,0.7,194,174
748,2,363,13,823,100.5,100.5,0.5,184,174
749,0,363,13,820,100.5,100.0,0.6,184,179
750,2,364,13,822,100.5,100.5,0.6,189,184
751,2,363,13,819,100.5,100.0,0.7,189,184
752,0,363,13,821,100.5,100.5,0.5,174,174
753,2,363,13,823,100.5,100.5,0.6,174,184
754,0,364,13,823,100.5,100.5,0.6,184,179
755,0,363,13,820,100.5,100.5,0.6,174,184
756,2,363,13,822,100.5,100.5,0.6,174,194
757,2,364,13,822,100.5,100.5,0.7,189,179
758,2,363,13,819,100.5,100.5,0.5,189,179
759,2,363,13,820,100.5,100.5,0.6,189,194
760,2,363,13,822,100.5,100.5,0.6,189,194
761,2,363,13,821,100.5,100.5,0.6,199,174
762,2,364,13,822,100.5,100.5,0.6,199,179
763,2,363,13,820,100.5,100.5,0.6,199,194
764,0,363,13,818,100.5,100.5,0.6,179,179
765,2,363,13,824,100.5,100.5,0.6,179,194
766,0,363,13,820,100.5,100.5,0.5,199,179
767,2,363,13,821,100.5,100.5,0.6,199,184
768,2,363,13,822,100.5,100.5,0.6,194,179
769,2,363,13,823,100.5,100.5,0.6,194,194
770,2,363,13,820,100.5,100.5,0.5,194,174
771,2,363,13,818,100.5,100.5,0.6,174,179
772,0,363,13,823,100.5,100.5,0.5,174,194
773,0,363,13,820,100.5,100.0,0.6,199,179
774,0,363,13,820,100.5,100.0,0.5,199,179
775,0,363,13,820,100.5,100.0,0.5,189,179
776,0,363,13,818,100.5,100.0,0.5,189,179
777,0,363,13,823,100.5,100.0,0.6,189,179
778,2,364,13,822,100.5,100.5,0.5,174,194
779,2,363,13,821,100.5,100.5,0.7,174,184
780,0,363,13,821,100.5,100.5,0.7,199,179
781,2,363,13,821,100.5,100.5,0.5,199,194
782,2,364,13,819,100.5,100.5,0.5,194,174
783,2,363,13,817,100.5,100.5,0.6,204,169
784,2,363,13,824,100.5,100.5,0.5,204,169
785,2,364,13,821,100.5,100.5,0.5,189,184
786,0,363,13,818,100.5,100.0,0.5,189,174
787,2,364,13,820,100.5,100.0,0.6,199,179
788,2,363,13,819,100.5,100.5,0.5,199,189
789,0,363,13,822,100.5,100.5,0.6,199,169
790,0,364,13,822,100.5,100.5,0.5,179,189
791,2,363,13,822,100.5,100.5,0.6,179,189
792,0,364,13,819,100.5,100.5,0.5,199,194
793,2,363,13,821,100.5,100.5,0.6,199,189
794,2,363,13,822,100.5,100.5,0.5,189,184
795,2,363,13,819,100.5,100.0,0.6,189,184
796,0,363,13,819,100.5,100.5,0.5,184,184
797,2,363,13,822,100.5,100.5,0.6,199,189
798,0,363,13,818,100.5,100.0,0.5,199,174
799,2,363,13,822,100.5,100.5,0.5,184,184
800,2,363,13,819,100.5,100.0,0.5,184,189
801,0,363,13,821,100.5,100.5,0.6,199,189
802,2,363,13,820,100.5,100.5,0.5,199,174
803,2,363,13,823,100.5,100.0,0.6,189,189
804,2,363,13,818,100.5,100.5,0.5,189,179
805,2,363,13,822,100.5,100.5,0.6,189,194
806,2,363,13,825,100.5,100.5,0.5,179,174
807,2,363,13,819,100.5,100.5,0.6,179,194
808,2,363,13,822,100.5,100.5,0.7,184,194
809,2,364,13,822,100.5,100.5,0.6,184,179
810,2,364,13,822,100.5,100.0,0.6,199,179
811,2,363,13,822,100.5,100.5,0.7,189,179
812,2,364,13,819,100.5,100.0,0.6,189,184
813,0,364,13,820,100.5,100.5,0.7,174,184
814,2,363,13,821,100.5,100.5,0.6,174,194
815,0,363,13,821,100.5,100.5,0.7,184,194
816,2,364,13,821,100.5,100.5,0.5,184,174
817,2,364,13,822,100.5,100.5,0.7,194,184
818,2,364,13,823,100.5,100.5,0.6,174,174
819,2,363,13,818,100.5,100.0,0.7,174,179
820,2,363,13,821,100.5,100.5,0.5,179,179
821,2,363,13,821,100.5,100.5,0.6,179,194
822,0,363,13,821,100.5,100.5,0.7,199,174
823,2,363,13,821,100.5,100.0,0.5,199,184
824,2,363,13,822,100.5,100.5,0.6,184,194
825,0,363,13,820,100.5,100.5,0.6,189,174
826,0,363,13,819,100.5,100.5,0.6,189,189
827,0,363,13,822,100.5,100.5,0.7,184,179
828,2,363,13,819,100.5,100.5,0.5,184,189
829,2,363,13,818,100.5,100.5,0.6,179,174
830,2,363,13,822,100.5,100.5,0.5,179,189
831,2,363,13,819,100.5,100.5,0.6,189,174
832,2,363,13,820,100.5,100.5,0.6,194,174
833,2,364,13,822,100.5,100.5,0.5,194,184
834,0,363,13,823,100.5,100.0,0.6,179,194
835,2,364,13,823,100.5,100.5,0.6,179,184
836,2,364,13,820,100.5,100.5,0.5,184,174
837,2,364,13,821,100.5,100.5,0.6,184,184
838,0,364,13,822,100.5,100.5,0.5,184,184
839,0,364,13,822,100.5,100.5,0.6,184,184
840,2,363,13,821,100.5,100.5,0.5,184,174
841,2,364,13,817,100.5,100.5,0.6,174,184
842,0,363,13,824,100.5,100.5,0.6,174,194
843,2,364,13,819,100.5,100.5,0.6,179,184
844,2,364,13,821,100.5,100.5,0.5,179,184
845,2,363,13,818,100.5,100.5,0.5,194,179
846,2,364,13,821,100.5,100.5,0.6,189,174
847,2,364,13,821,100.5,100.5,0.6,189,174
848,2,364,13,822,100.5,100.5,0.5,194,189
849,2,363,13,821,100.5,100.0,0.6,194,179
850,0,363,13,818,100.5,100.5,0.5,179,179
851,2,363,13,821,100.5,100.5,0.5,179,194
852,0,363,13,820,100.5,100.5,0.5,174,179
853,0,364,13,819,100.5,100.5,0.6,189,174
854,2,363,13,823,100.5,100.5,0.6,189,179
855,2,364,13,823,100.5,100.5,0.6,199,189
856,2,364,13,820,100.5,100.5,0.6,199,194
857,2,363,13,819,100.5,100.5,0.6,179,174
858,2,364,13,822,100.5,100.5,0.6,179,179
859,2,364,13,819,100.5,100.5,0.6,174,194
860,2,364,13,822,100.5,100.5,0.6,184,174
861,2,364,13,823,100.5,100.5,0.6,184,189
862,0,363,13,819,100.5,100.5,0.5,184,174
863,2,363,13,820,100.5,100.0,0.6,184,174
864,2,363,13,820,100.5,100.5,0.6,194,184
865,2,363,13,819,100.5,100.5,0.6,194,184
866,0,363,13,820,100.5,100.0,0.5,189,179
867,0,364,13,823,100.5,100.5,0.6,189,179
868,2,364,13,823,100.5,100.5,0.6,189,179
869,2,363,13,816,100.5,100.5,0.6,184,194
870,2,364,13,821,100.5,100.5,0.5,184,179
871,2,364,13,821,100.5,100.5,0.6,189,174
872,2,364,13,822,100.5,100.0,0.5,189,184
873,2,363,13,819,100.5,100.5,0.6,194,174
874,2,364,13,820,100.5,100.5,0.6,189,174
875,2,363,13,819,100.5,100.5,0.6,189,169
876,0,363,13,823,100.5,100.5,0.5,179,179
877,0,363,13,822,100.5,100.5,0.6,179,174
878,2,363,13,822,100.5,100.5,0.5,184,184
879,2,363,13,822,100.5,100.5,0.6,184,169
880,0,363,13,821,100.5,100.5,0.5,179,169
881,2,363,13,820,100.5,100.5,0.5,184,179
882,2,363,13,817,100.5,100.5,0.6,184,189
883,2,363,13,819,100.5,100.0,0.6,189,169
884,2,364,13,821,100.5,100.5,0.6,189,189
885,0,363,13,822,100.5,100.5,0.7,189,179
886,2,364,13,817,100.5,100.5,0.6,189,174
887,2,363,13,818,100.5,100.5,0.7,174,189
888,2,363,13,821,100.5,100.5,0.5,174,184
889,0,364,13,818,100.5,100.5,0.6,194,179
890,2,363,13,821,100.5,100.5,0.6,169,179
891,2,364,13,820,100.5,100.5,0.6,169,189
892,0,363,13,822,100.5,100.5,0.6,174,189
893,0,364,13,820,100.5,100.5,0.5,174,179
894,2,364,13,819,100.5,100.5,0.6,189,179
895,0,364,13,820,100.5,100.0,0.6,189,189
896,2,363,13,822,100.5,100.0,0.5,174,179
897,2,363,13,822,100.5,100.5,0.6,184,174
898,2,364,13,821,100.5,100.5,0.6,184,189
899,2,363,13,820,100.5,100.5,0.6,194,169
900,2,363,13,819,100.5,100.0,0.6,194,184
901,0,363,13,821,100.5,100.5,0.5,184,169
902,2,363,13,820,100.5,100.5,0.6,184,184
903,2,363,13,823,100.5,100.5,0.6,184,174
904,0,363,13,822,100.5,100.5,0.6,184,174
905,0,363,13,821,100.5,100.5,0.6,174,179
906,2,363,13,818,100.5,100.5,0.5,174,174
907,0,363,13,822,100.5,100.5,0.6,194,169
908,2,363,13,819,100.5,100.5,0.7,194,184
909,2,363,13,819,100.5,100.5,0.6,194,194
910,2,363,13,820,100.5,100.5,0.6,194,189
911,0,363,13,819,100.5,100.5,0.5,184,179
912,2,363,13,820,100.5,100.5,0.7,169,189
913,0,363,13,823,100.5,100.5,0.6,169,169
914,2,363,13,820,100.5,100.5,0.7,194,179
915,2,363,13,819,100.5,100.5,0.5,194,184
916,2,363,13,822,100.5,100.5,0.5,189,169
917,2,363,13,821,100.5,100.5,0.6,189,179
918,0,363,13,821,100.5,100.5,0.6,169,184
919,2,363,13,822,100.5,100.5,0.5,184,169
920,2,363,13,820,100.5,100.5,0.5,184,189
921,2,363,13,821,100.5,100.0,0.6,189,189
922,2,363,13,820,100.5,100.5,0.7,189,189
923,2,363,13,818,100.5,100.5,0.7,184,174
924,2,363,13,818,100.5,100.5,0.7,184,169
925,0,363,13,818,100.5,100.5,0.5,194,169
926,2,363,13,822,100.5,100.5,0.6,179,169
927,0,363,13,819,100.5,100.5,0.6,179,179
928,2,363,13,821,100.5,100.5,0.6,184,179
929,0,364,13,820,100.5,100.0,0.5,184,189
930,2,363,13,818,100.5,100.5,0.6,169,169
931,2,363,13,822,100.5,100.5,0.6,169,184
932,2,363,13,823,100.5,100.5,0.6,179,179
933,2,363,13,821,100.5,100.0,0.6,179,174
934,2,364,13,822,100.5,100.5,0.6,179,189
935,2,363,13,820,100.5,100.5,0.6,189,169
936,0,363,13,820,100.5,100.5,0.7,189,174
937,0,363,13,823,100.5,100.5,0.5,189,174
938,0,363,13,823,100.5,100.5,0.6,189,189
939,0,363,13,823,100.5,100.0,0.7,184,189
940,0,363,13,822,100.5,100.5,0.6,179,179
941,0,363,13,821,100.5,100.5,0.6,179,194
942,0,363,13,819,100.5,100.0,0.5,184,174
943,0,363,13,819,100.5,100.0,0.5,184,174
944,0,363,13,821,100.5,100.0,0.5,194,169
945,2,363,13,819,100.5,100.5,0.5,194,174
946,2,363,13,821,100.5,100.5,0.6,184,179
947,2,363,13,820,100.5,100.5,0.6,184,179
948,0,363,13,819,100.5,100.5,0.6,184,184
949,2,363,13,823,100.5,100.5,0.7,184,169
950,0,364,13,823,100.5,100.5,0.7,184,174
951,0,363,13,821,100.5,100.5,0.6,189,184
952,2,363,13,819,100.5,100.5,0.6,189,184
953,0,363,13,821,100.5,100.5,0.5,169,174
954,2,363,13,819,100.5,100.5,0.6,189,179
955,2,364,13,822,100.5,100.5,0.6,189,184
956,0,363,13,820,100.5,100.5,0.6,174,179
957,0,364,13,819,100.5,100.5,0.5,174,174
958,2,363,13,822,100.5,100.5,0.6,184,189
959,2,364,13,821,100.5,100.5,0.5,184,169
960,2,363,13,820,100.5,100.5,0.6,174,179
961,2,363,13,819,100.5,100.5,0.6,184,179
962,2,363,13,823,100.5,100.5,0.6,184,189
963,0,363,13,821,100.5,100.5,0.5,184,174
964,2,363,13,820,100.5,100.5,0.5,184,174
965,2,363,13,820,100.5,100.5,0.6,189,179
966,2,363,13,822,100.5,100.5,0.6,189,189
967,0,363,13,822,100.5,100.0,0.6,169,169
968,2,363,13,824,100.5,100.5,0.6,189,179
969,2,363,13,818,100.5,100.5,0.6,189,179
970,2,363,13,821,100.5,100.5,0.6,184,174
971,0,363,13,819,100.5,100.5,0.6,184,189
972,4,363,13,820,100.5,100.5,0.6,179,179
973,2,363,13,819,100.5,100.5,0.5,179,169
974,0,363,13,819,100.5,100.5,0.6,169,169
975,0,363,13,820,100.5,100.0,0.5,184,184
976,2,363,13,820,100.5,100.5,0.5,184,184
977,0,363,13,823,100.5,100.5,0.5,184,174
978,2,363,13,823,100.5,100.5,0.6,184,174
979,0,364,13,822,100.5,100.5,0.6,194,189
980,2,363,13,823,100.5,100.5,0.6,194,189
981,0,364,13,822,100.5,100.5,0.6,184,174
982,0,363,13,818,100.5,100.5,0.6,184,169
983,0,364,13,820,100.5,100.5,0.6,184,169
984,2,363,13,821,100.5,100.5,0.6,179,174
985,2,363,13,821,100.5,100.5,0.6,179,174
986,0,364,13,822,100.5,100.5,0.6,189,189
987,0,363,13,824,100.5,100.5,0.6,189,164
988,2,364,13,823,100.5,100.5,0.6,179,169
989,0,363,13,819,100.5,100.5,0.6,179,184
990,0,364,13,823,100.5,100.5,0.6,179,169
991,0,363,13,819,100.5,100.5,0.6,174,174
992,2,364,13,824,100.5,100.5,0.6,174,169
993,0,364,13,820,100.5,100.0,0.5,189,169
994,0,364,13,820,100.5,100.5,0.5,189,169
995,0,364,13,823,100.5,100.5,0.6,189,189
996,2,363,13,823,100.5,100.5,0.6,179,169
997,2,364,13,820,100.5,100.5,0.6,179,174
998,0,363,13,819,100.5,100.5,0.6,179,179
999,2,364,13,823,100.5,100.5,0.6,179,189
1000,0,363,13,821,100.5,100.5,0.6,179,169
1001,0,363,13,818,100.5,100.5,0.6,179,179
1002,2,363,13,821,100.5,100.5,0.5,174,184
1003,0,363,13,818,100.5,100.5,0.6,194,169
1004,0,363,13,823,100.5,100.5,0.6,194,184
1005,0,364,13,820,100.5,100.5,0.6,174,184
1006,2,363,13,819,100.5,100.5,0.6,174,189
1007,0,364,13,817,100.5,100.0,0.6,189,179
1008,2,363,13,822,100.5,100.5,0.6,189,169
1009,2,364,13,822,100.5,100.5,0.5,184,174
1010,0,364,13,818,100.5,100.5,0.5,189,169
1011,2,364,13,823,100.5,100.0,0.5,189,174
1012,0,364,13,820,100.5,100.5,0.6,169,174
1013,0,364,13,821,100.5,100.5,0.5,169,184
1014,0,364,13,820,100.5,100.5,0.6,174,164
1015,0,363,13,821,100.5,100.5,0.6,174,179
1016,0,364,13,820,100.5,100.5,0.6,179,179
1017,0,363,13,820,100.5,100.5,0.5,179,189
1018,2,364,13,822,100.5,100.5,0.6,179,164
1019,2,363,13,820,100.5,100.5,0.5,189,184
1020,0,364,13,819,100.5,100.5,0.6,189,169
1021,2,363,13,825,100.5,100.5,0.6,179,184
1022,2,364,13,820,100.5,100.5,0.6,179,179
1023,0,364,13,820,100.5,100.5,0.6,179,164
1024,0,363,13,820,100.5,100.5,0.6,164,179
1025,0,364,13,823,100.5,100.5,0.6,164,184
1026,0,363,13,823,100.5,100.5,0.6,184,169
1027,0,363,13,823,100.5,100.5,0.6,184,169
1028,2,364,13,820,100.5,100.5,0.6,164,174
1029,0,364,13,817,100.5,100.5,0.5,164,179
1030,2,364,13,820,100.5,100.5,0.6,189,184
1031,0,363,13,820,100.5,100.5,0.5,169,179
1032,0,364,13,818,100.5,100.5,0.6,169,179
1033,0,363,13,821,100.5,100.5,0.5,179,169
1034,2,364,13,820,100.5,100.5,0.6,179,174
1035,2,364,13,819,100.5,100.5,0.5,164,174
1036,0,364,13,820,100.5,100.5,0.5,164,174
1037,2,364,13,821,100.5,100.5,0.5,174,174
1038,0,363,13,819,100.5,100.5,0.6,169,174
1039,2,364,13,822,100.5,100.5,0.6,169,184
1040,0,363,13,821,100.5,100.5,0.5,169,169
1041,0,363,13,820,100.5,100.5,0.5,169,184
1042,0,363,13,822,100.5,100.5,0.6,184,179
1043,0,364,13,820,100.5,100.5,0.5,184,184
1044,0,364,13,819,100.5,100.5,0.6,164,169
1045,2,363,13,825,100.5,100.5,0.6,189,179
1046,2,364,13,821,100.5,100.5,0.5,189,184
1047,2,364,13,821,100.5,100.5,0.5,179,179
1048,2,364,13,819,100.5,100.5,0.6,179,169
1049,2,364,13,822,100.5,100.5,0.6,169,169
1050,0,364,13,821,100.5,100.5,0.6,169,184
1051,2,364,13,821,100.5,100.5,0.5,174,164
1052,2,364,13,820,100.5,100.5,0.6,169,179
1053,0,364,13,818,100.5,100.5,0.6,169,169
1054,2,364,13,823,100.5,100.5,0.6,179,179
1055,0,364,13,822,100.5,100.5,0.6,179,174
1056,0,364,13,819,100.5,100.5,0.6,184,189
1057,0,364,13,823,100.5,100.5,0.5,184,169
1058,2,364,13,822,100.5,100.5,0.6,169,169
1059,2,364,13,821,100.5,100.5,0.6,169,179
1060,2,364,13,823,100.5,100.5,0.6,179,179
1061,0,364,13,820,100.5,100.5,0.6,169,169
1062,0,364,13,818,100.5,100.5,0.6,169,179
1063,0,364,13,817,100.5,100.5,0.5,164,184
1064,0,364,13,814,100.5,100.5,0.6,164,174
1065,0,364,13,814,100.5,100.5,0.5,184,174
1066,2,363,13,809,100.5,100.5,0.6,184,184
1067,0,363,13,809,100.5,100.5,0.6,184,164
1068,2,363,13,812,100.5,100.5,0.6,174,174
1069,0,362,13,818,100.5,100.5,0.6,174,189
1070,2,362,13,817,100.5,100.5,0.7,164,179
1071,2,363,13,819,100.5,100.5,0.6,164,164
1072,2,363,13,822,100.5,100.5,0.6,169,174
1073,2,363,13,819,100.5,100.5,0.6,169,184
1074,2,363,13,823,100.5,100.5,0.6,174,174
1075,0,363,13,820,100.5,100.5,0.7,189,179
1076,2,363,13,821,100.5,100.5,0.6,189,179
1077,2,363,13,822,100.5,100.5,0.5,174,179
1078,2,363,13,823,100.5,100.5,0.7,174,169
1079,2,363,13,819,100.5,100.5,0.6,189,194
1080,2,363,13,819,100.5,100.5,0.6,189,194
1081,2,363,13,822,100.5,100.0,0.6,174,189
1082,2,363,13,823,100.5,100.5,0.6,189,189
1083,0,363,13,821,100.5,100.5,0.5,189,199
1084,2,363,13,823,100.5,100.5,0.6,169,199
1085,2,364,13,822,100.5,100.5,0.6,169,179
1086,2,363,13,819,100.5,100.5,0.6,174,189
1087,2,363,13,821,100.5,100.5,0.6,174,184
1088,0,363,13,820,100.5,100.5,0.6,184,174
1089,2,363,13,820,100.5,100.5,0.6,189,179
1090,2,363,13,822,100.5,100.5,0.6,189,189
1091,2,363,13,822,100.5,100.0,0.5,184,184
1092,2,363,13,820,100.5,100.0,0.6,184,199
1093,2,363,13,820,100.5,100.0,0.6,194,179
1094,2,364,13,823,100.5,100.5,0.6,194,184
1095,2,363,13,822,100.5,100.5,0.6,189,184
1096,2,363,13,821,100.5,100.5,0.5,184,194
1097,2,363,13,822,100.5,100.5,0.5,184,184
1098,2,363,13,821,100.5,100.5,0.6,179,194
1099,0,363,13,817,100.5,100.5,0.6,179,204
1100,2,363,13,823,100.5,100.5,0.6,194,189
1101,0,363,13,822,100.5,100.5,0.5,194,179
1102,2,363,13,820,100.5,100.5,0.6,194,204
1103,2,363,13,822,100.5,100.5,0.6,194,199
1104,2,363,13,824,100.5,100.5,0.6,189,194
1105,2,363,13,820,100.5,100.5,0.6,194,204
1106,2,363,13,821,100.5,100.5,0.6,194,194
1107,2,363,13,823,100.5,100.5,0.5,199,179
1108,2,363,13,820,100.5,100.5,0.6,199,184
1109,2,363,13,819,100.5,100.5,0.5,189,189
1110,2,363,13,823,100.5,100.5,0.6,189,204
1111,2,363,13,823,100.5,100.0,0.6,184,179
1112,2,363,13,823,100.5,100.5,0.6,194,199
1113,2,363,13,822,100.5,100.5,0.5,194,199
1114,2,362,13,820,100.5,100.5,0.6,204,179
1115,2,363,13,819,100.5,100.5,0.5,204,199
1116,2,363,13,822,100.5,100.5,0.6,199,204
1117,2,363,13,822,100.5,100.5,0.5,199,184
1118,2,363,13,820,100.5,100.5,0.6,184,199
1119,2,363,13,820,100.5,100.5,0.6,194,189
1120,2,363,13,823,100.5,100.5,0.6,194,189
1121,2,363,13,820,100.5,100.5,0.6,194,204
1122,2,363,13,818,100.5,100.5,0.6,194,184
1123,2,363,13,819,100.5,100.5,0.5,199,194
1124,2,363,13,822,100.5,100.0,0.6,199,199
1125,2,363,13,821,100.5,100.0,0.5,189,184
1126,2,364,13,822,100.5,100.5,0.6,208,189
1127,2,363,13,820,100.5,100.5,0.6,208,189
1128,0,364,13,818,100.5,100.5,0.6,189,184
1129,2,363,13,824,100.5,100.5,0.6,189,189
1130,2,363,13,822,100.5,100.5,0.6,194,199
1131,2,363,13,821,100.5,100.5,0.5,194,189
1132,2,363,13,823,100.5,100.5,0.6,184,184
1133,2,363,13,822,100.5,100.5,0.6,179,204
1134,0,363,13,819,100.5,100.5,0.6,179,179
1135,2,363,13,821,100.5,100.5,0.5,199,179
1136,2,363,13,821,100.5,100.5,0.6,199,199
1137,0,363,13,819,100.5,100.0,0.7,204,199
1138,2,363,13,822,100.5,100.5,0.6,204,184
1139,0,363,13,820,100.5,100.5,0.5,194,204
1140,2,364,13,819,100.5,100.5,0.6,204,204
1141,0,363,13,820,100.5,100.5,0.5,204,184
1142,2,364,13,822,100.5,100.5,0.6,199,184
1143,2,363,13,822,100.5,100.5,0.6,199,189
1144,2,363,13,824,100.5,100.5,0.6,184,189
1145,2,364,13,822,100.5,100.5,0.6,189,179
1146,2,363,13,824,100.5,100.5,0.5,189,189
1147,2,363,13,822,100.5,100.0,0.5,179,199
1148,2,363,13,823,100.5,100.5,0.7,179,184
1149,2,363,13,819,100.5,100.0,0.6,194,184
1150,0,364,13,818,100.5,100.5,0.5,194,184
1151,2,363,13,823,100.5,100.0,0.6,184,179
1152,0,363,13,823,100.5,100.5,0.6,199,179
1153,2,363,13,821,100.5,100.5,0.6,199,199
1154,2,363,13,820,100.5,100.5,0.6,199,199
1155,2,363,13,822,100.5,100.5,0.5,199,189
1156,0,364,13,819,100.5,100.5,0.6,184,189
1157,0,363,13,824,100.5,100.5,0.6,184,184
1158,2,364,13,823,100.5,100.5,0.5,204,189
1159,0,364,13,822,100.5,100.5,0.6,194,199
1160,2,364,13,823,100.5,100.5,0.5,194,199
1161,0,364,13,821,100.5,100.5,0.6,184,194
1162,0,364,13,823,100.5,100.5,0.6,184,194
1163,2,363,13,820,100.5,100.5,0.6,204,184
1164,2,363,13,818,100.5,100.5,0.6,204,189
1165,2,363,13,824,100.5,100.5,0.6,199,199
1166,2,364,13,820,100.5,100.5,0.6,179,199
1167,2,363,13,820,100.5,100.5,0.6,179,174
1168,2,363,13,822,100.5,100.0,0.6,194,184
1169,2,364,13,818,100.5,100.5,0.6,194,189
1170,2,363,13,820,100.5,100.5,0.6,199,184
1171,0,364,13,822,100.5,100.5,0.5,199,179
1172,2,363,13,822,100.5,100.5,0.6,184,184
1173,0,364,13,817,100.5,100.5,0.6,179,189
1174,0,363,13,820,100.5,100.5,0.5,179,179
1175,0,363,13,819,100.5,100.5,0.5,184,184
1176,2,363,13,818,100.5,100.5,0.6,184,199
1177,2,364,13,822,100.5,100.5,0.6,184,189
1178,2,363,13,818,100.5,100.5,0.6,184,189
1179,2,363,13,821,100.5,100.5,0.7,189,179
1180,0,363,13,822,100.5,100.5,0.6,194,179
1181,2,363,13,817,100.5,100.5,0.5,194,189
1182,2,363,13,821,100.5,100.5,0.6,199,189
1183,0,363,13,821,100.5,100.5,0.5,199,179
1184,2,363,13,821,100.5,100.5,0.6,204,179
1185,0,363,13,818,100.5,100.0,0.5,204,199
1186,0,363,13,822,100.5,100.5,0.5,194,174
1187,2,363,13,819,100.5,100.5,0.5,189,174
1188,2,363,13,821,100.5,100.5,0.6,189,194
1189,2,363,13,823,100.5,100.5,0.6,184,184
1190,2,363,13,819,100.5,100.5,0.6,184,184
1191,2,363,13,821,100.5,100.5,0.5,184,189
1192,2,363,13,821,100.5,100.5,0.6,184,199
1193,2,363,13,818,100.5,100.5,0.6,179,194
1194,2,363,13,820,100.5,100.5,0.6,179,179
1195,2,363,13,823,100.5,100.0,0.6,179,194
1196,2,363,13,822,100.5,100.5,0.6,199,189
1197,0,363,13,820,100.5,100.5,0.5,199,184
1198,2,364,13,825,100.5,100.5,0.6,189,174
1199,0,364,13,825,100.5,100.5,0.6,189,179
1200,2,364,13,823,100.5,100.5,0.6,194,194
1201,2,364,13,822,100.5,100.5,0.5,184,179
1202,2,363,13,819,100.5,100.5,0.6,184,199
1203,2,364,13,820,100.5,100.5,0.5,189,194
1204,2,364,13,819,100.5,100.5,0.6,189,174
1205,2,364,13,822,100.5,100.0,0.6,189,179
1206,2,364,13,822,100.5,100.5,0.6,189,194
1207,2,364,13,822,100.5,100.5,0.6,184,184
1208,2,364,13,823,100.5,100.5,0.6,179,189
1209,0,364,13,819,100.5,100.0,0.6,179,189
1210,0,363,13,817,100.5,100.0,0.5,194,189
1211,0,363,13,820,100.5,100.5,0.6,194,194
1212,2,363,13,820,100.5,100.0,0.6,184,179
1213,2,363,13,818,100.5,100.5,0.6,184,194
1214,0,363,13,824,100.5,100.5,0.6,184,194
1215,0,364,13,820,100.5,100.5,0.5,184,179
1216,0,363,13,822,100.5,100.0,0.6,174,174
1217,2,364,13,822,100.5,100.5,0.5,189,179
1218,2,363,13,821,100.5,100.5,0.6,189,184
1219,2,363,13,819,100.5,100.5,0.6,194,184
1220,2,363,13,823,100.5,100.5,0.6,194,174
1221,0,363,13,823,100.5,100.5,0.6,194,179
1222,0,364,13,821,100.5,100.5,0.6,194,179
1223,0,363,13,819,100.5,100.5,0.5,189,194
1224,0,364,13,822,100.5,100.5,0.6,184,174
1225,2,364,13,822,100.5,100.5,0.6,184,189
1226,2,364,13,826,100.5,100.5,0.6,179,184
1227,0,364,13,822,100.5,100.5,0.5,179,179
1228,0,364,13,820,100.5,100.5,0.5,194,169
1229,2,364,13,824,100.5,100.5,0.5,194,194
1230,2,364,13,825,100.5,100.5,0.6,194,169
1231,2,364,13,828,100.5,100.5,0.6,194,189
1232,2,364,13,825,100.5,100.5,0.5,194,179
1233,2,364,13,821,100.5,100.5,0.5,189,174
1234,2,364,13,819,100.5,100.5,0.6,189,179
1235,2,364,13,819,100.5,100.5,0.5,174,179
1236,0,365,13,815,100.5,100.5,0.5,174,184
1237,0,364,13,819,100.5,100.5,0.6,174,169
1238,0,364,13,818,100.5,100.5,0.5,189,169
1239,0,364,13,821,100.5,100.5,0.5,189,194
1240,2,363,13,819,100.5,100.5,0.6,179,189
1241,2,364,13,818,100.5,100.5,0.5,179,179
1242,0,364,13,821,100.5,100.5,0.6,184,174
1243,2,364,13,822,100.5,100.5,0.6,184,184
1244,2,364,13,820,100.5,100.5,0.6,174,194
1245,0,363,13,821,100.5,100.0,0.6,174,179
1246,2,364,13,820,100.5,100.5,0.6,174,194
1247,0,364,13,819,100.5,100.5,0.4,194,179
1248,2,364,13,823,100.5,100.5,0.6,194,169
1249,0,363,13,823,100.5,100.5,0.6,184,189
1250,0,364,13,820,100.5,100.5,0.6,184,189
1251,2,364,13,821,100.5,100.5,0.5,184,179
1252,2,364,13,820,100.5,100.5,0.6,184,184
1253,2,364,13,820,100.5,100.5,0.5,184,169
1254,2,364,13,823,100.5,100.5,0.6,174,189
1255,2,364,13,823,100.5,100.5,0.5,174,174
1256,2,364,13,819,100.5,100.5,0.5,169,179
1257,2,364,13,820,100.5,100.5,0.6,169,179
1258,0,364,13,820,100.5,100.5,0.6,169,174
1259,0,364,13,818,100.5,100.5,0.6,179,174
1260,0,364,13,817,100.5,100.5,0.6,179,189
1261,0,363,13,820,100.5,100.5,0.6,194,174
1262,0,364,13,819,100.5,100.5,0.5,194,174
1263,2,363,13,820,100.5,100.5,0.4,184,184
1264,2,364,13,818,100.5,100.5,0.6,184,174
1265,2,364,13,819,100.5,100.5,0.5,179,189
1266,2,364,13,821,100.5,100.5,0.6,179,179
1267,2,364,13,821,100.5,100.5,0.5,179,194
1268,2,364,13,820,100.5,100.5,0.6,179,179
1269,0,364,13,820,100.5,100.5,0.5,179,184
1270,2,364,13,820,100.5,100.5,0.6,179,174
1271,0,364,13,819,100.5,100.0,0.6,179,169
1272,0,364,13,819,100.5,100.5,0.6,179,184
1273,0,364,13,823,100.5,100.5,0.6,174,179
1274,0,364,13,822,100.5,100.5,0.5,174,184
1275,2,363,13,820,100.5,100.5,0.6,184,179
1276,0,364,13,820,100.5,100.5,0.5,184,184
1277,2,363,13,819,100.5,100.5,0.6,169,174
1278,0,363,13,821,100.5,100.5,0.6,169,189
1279,2,364,13,823,100.5,100.5,0.6,184,179
1280,2,363,13,820,100.5,100.5,0.6,169,184
1281,2,363,13,822,100.5,100.5,0.6,169,169
1282,2,364,13,821,100.5,100.5,0.6,179,179
1283,2,363,13,819,100.5,100.5,0.6,179,184
1284,0,364,13,820,100.5,100.0,0.6,189,194
1285,0,363,13,823,100.5,100.5,0.6,179,184
1286,2,364,13,821,100.5,100.5,0.6,179,174
1287,0,363,13,820,100.5,100.5,0.5,174,174
1288,0,364,13,821,100.5,100.5,0.6,174,179
1289,2,364,13,821,100.5,100.5,0.6,184,189
1290,2,364,13,818,100.5,100.5,0.6,184,184
1291,2,364,13,823,100.5,100.5,0.5,184,174
1292,2,364,13,819,100.5,100.5,0.6,179,189
1293,0,364,13,821,100.5,100.5,0.6,179,179
1294,2,363,13,819,100.5,100.5,0.6,179,179
1295,0,364,13,820,100.5,100.5,0.6,179,174
1296,0,363,13,820,100.5,100.5,0.6,174,174
1297,0,363,13,822,100.5,100.5,0.6,174,179
1298,0,364,13,818,100.5,100.5,0.5,174,179
1299,0,363,13,817,100.5,100.5,0.6,194,169
1300,2,364,13,816,100.5,100.5,0.5,194,179
1301,2,363,13,813,100.5,100.5,0.5,169,169
1302,2,364,13,814,100.5,100.5,0.5,169,179
1303,2,362,13,812,100.5,100.5,0.6,184,174
1304,2,363,13,819,100.5,100.5,0.6,184,174
1305,0,363,13,817,100.5,100.5,0.6,189,184
1306,2,363,13,823,100.5,100.0,0.6,184,184
1307,0,363,13,821,100.5,100.5,0.5,184,174
1308,2,363,13,818,100.5,100.5,0.6,184,179
1309,2,363,13,821,100.5,100.0,0.6,184,174
1310,2,363,13,821,100.5,100.0,0.6,184,174
1311,2,364,13,821,100.5,100.5,0.5,184,184
1312,2,363,13,822,100.5,100.5,0.6,184,194
1313,2,363,13,823,100.5,100.0,0.6,184,189
1314,2,363,13,821,100.5,100.0,0.5,184,194
1315,2,363,13,819,100.5,100.5,0.6,184,194
1316,2,363,13,822,100.5,100.5,0.6,184,184
1317,0,363,13,822,100.5,100.5,0.6,189,189
1318,0,364,13,826,100.5,100.5,0.6,189,199
1319,2,364,13,827,100.5,100.5,0.6,184,174
1320,2,364,13,829,100.5,100.5,0.6,184,189
1321,2,364,13,825,100.5,100.5,0.6,184,189
1322,2,365,13,826,100.5,100.5,0.6,174,189
1323,0,365,13,822,100.5,100.5,0.6,174,179
1324,2,365,13,825,100.5,100.5,0.6,184,184
1325,2,364,13,826,100.5,100.5,0.6,184,179
1326,2,365,13,824,100.5,100.5,0.5,199,189
1327,0,364,13,822,100.5,100.5,0.6,174,184
1328,2,364,13,820,100.5,100.5,0.6,174,189
1329,2,364,13,822,100.5,100.5,0.6,189,199
1330,2,364,13,818,100.5,100.5,0.5,189,189
1331,2,364,13,819,100.5,100.5,0.6,179,189
1332,0,364,13,825,100.5,100.5,0.6,179,184
1333,0,364,13,820,100.5,100.5,0.6,184,179
1334,2,364,13,821,100.5,100.5,0.6,199,194
1335,2,364,13,819,100.5,100.5,0.6,199,184
1336,2,364,13,820,100.5,100.5,0.6,174,189
1337,2,364,13,822,100.5,100.5,0.6,174,194
1338,0,364,13,822,100.5,100.5,0.5,174,174
1339,2,364,13,819,100.5,100.5,0.6,174,179
1340,0,364,13,819,100.5,100.5,0.6,184,194
1341,2,364,13,823,100.5,100.5,0.6,189,174
1342,2,364,13,822,100.5,100.5,0.6,189,194
1343,0,364,13,819,100.5,100.5,0.6,179,194
1344,2,364,13,823,100.5,100.5,0.6,179,179
1345,0,364,13,820,100.5,100.5,0.6,189,184
1346,2,364,13,820,100.5,100.5,0.5,189,184
1347,2,364,13,819,100.5,100.5,0.6,194,179
1348,0,364,13,820,100.5,100.5,0.5,189,174
1349,0,364,13,822,100.5,100.5,0.6,189,189
1350,0,364,13,819,100.5,100.5,0.6,169,179
1351,2,363,13,819,100.5,100.5,0.6,169,194
1352,0,363,13,820,100.5,100.5,0.5,184,189
1353,2,363,13,822,100.5,100.5,0.6,184,179
1354,2,363,13,818,100.5,100.0,0.6,194,194
1355,2,363,13,821,100.5,100.5,0.6,194,189
1356,0,363,13,823,100.5,100.5,0.6,194,174
1357,0,364,13,820,100.5,100.5,0.6,169,174
1358,2,364,13,820,100.5,100.5,0.6,169,174
1359,2,364,13,821,100.5,100.5,0.6,174,189
1360,0,364,13,821,100.5,100.5,0.6,174,179
1361,2,364,13,819,100.5,100.5,0.6,189,179
1362,0,364,13,822,100.5,100.5,0.6,184,189
1363,0,364,13,819,100.5,100.5,0.6,184,184
1364,0,364,13,818,100.5,100.5,0.6,169,174
1365,2,364,13,820,100.5,100.5,0.6,169,174
1366,2,363,13,819,100.5,100.5,0.5,174,189
1367,2,364,13,818,100.5,100.5,0.6,174,189
1368,2,363,13,824,100.5,100.5,0.5,179,179
1369,2,364,13,820,100.5,100.5,0.6,194,189
1370,2,364,13,820,100.5,100.5,0.6,194,179
1371,2,364,13,820,100.5,100.5,0.6,179,194
1372,0,364,13,823,100.5,100.5,0.6,179,174
1373,0,364,13,821,100.5,100.5,0.6,174,194
1374,0,364,13,824,100.5,100.5,0.5,174,179
1375,2,364,13,822,100.5,100.5,0.6,189,179
1376,0,364,13,818,100.5,100.5,0.5,199,184
1377,2,364,13,822,100.5,100.5,0.6,199,189
1378,0,364,13,823,100.5,100.5,0.6,194,179
1379,2,364,13,822,100.5,100.0,0.6,194,179
1380,2,364,13,821,100.5,100.5,0.5,174,179
1381,2,364,13,820,100.5,100.5,0.6,174,169
1382,0,364,13,821,100.5,100.5,0.6,174,169
1383,2,365,13,816,100.5,100.5,0.6,184,179
1384,0,364,13,818,100.5,100.5,0.6,184,184
1385,0,364,13,818,100.5,100.5,0.6,194,184
1386,2,364,13,820,100.5,100.5,0.5,194,179
1387,0,364,13,820,100.5,100.5,0.6,189,179
1388,2,364,13,814,100.5,100.5,0.6,189,189
1389,0,364,13,818,100.5,100.5,0.6,174,174
1390,2,363,13,817,100.5,100.5,0.5,179,174
1391,2,364,13,820,100.5,100.5,0.6,179,189
1392,2,363,13,822,100.5,100.0,0.5,199,179
1393,0,364,13,820,100.5,100.5,0.6,199,189
1394,2,364,13,820,100.5,100.5,0.6,184,189
1395,2,364,13,822,100.5,100.5,0.6,184,184
1396,0,364,13,823,100.5,100.5,0.6,194,184
1397,2,364,13,819,100.5,100.5,0.6,189,194
1398,2,364,13,823,100.5,100.5,0.6,189,179
1399,2,364,13,821,100.5,100.5,0.6,179,174
1400,2,364,13,819,100.5,100.5,0.6,179,189
1401,2,364,13,822,100.5,100.5,0.6,174,194
1402,2,364,13,820,100.5,100.5,0.6,174,179
1403,2,364,13,818,100.5,100.5,0.6,174,189
1404,2,364,13,823,100.5,100.5,0.6,179,179
1405,2,364,13,816,100.5,100.5,0.5,179,184
1406,2,363,13,816,100.5,100.5,0.6,174,184
1407,2,363,13,814,100.5,100.5,0.6,174,179
1408,2,363,13,811,100.5,100.5,0.6,199,194
1409,2,363,13,817,100.5,100.5,0.6,199,199
1410,2,362,13,814,100.5,100.5,0.6,179,179
1411,2,363,13,822,100.5,100.5,0.4,204,194
1412,2,362,13,820,100.5,100.5,0.5,204,179
1413,2,362,13,819,100.5,100.5,0.6,199,184
1414,2,363,13,819,100.5,100.5,0.6,199,174
1415,2,362,13,813,100.5,100.5,0.5,189,179
1416,2,362,13,816,100.5,100.5,0.6,189,194
1417,2,362,13,811,100.5,100.5,0.6,194,189
1418,4,362,13,816,100.5,100.5,0.6,199,189
1419,2,362,13,821,100.5,100.5,0.6,199,189
1420,2,362,13,818,100.5,100.5,0.6,189,184
1421,2,362,13,823,100.5,100.5,0.6,189,204
1422,2,362,13,820,100.5,100.5,0.6,199,189
1423,2,362,13,824,100.5,100.5,0.5,199,189
1424,2,362,13,824,100.5,100.5,0.6,199,184
1425,2,363,13,818,100.5,100.5,0.6,208,208
1426,2,363,13,820,100.5,100.5,0.6,208,204
1427,2,363,13,822,100.5,100.0,0.6,208,199
1428,2,363,13,820,100.5,100.0,0.5,208,204
1429,2,363,13,821,100.5,100.0,0.5,208,194
1430,2,363,13,824,100.5,100.5,0.6,208,194
1431,4,363,13,822,100.5,100.5,0.5,189,189
1432,4,363,13,817,100.5,100.5,0.6,204,208
1433,2,363,13,827,100.5,100.5,0.6,204,208
1434,2,363,13,830,100.5,100.5,0.6,194,189
1435,4,363,13,833,100.5,100.0,0.5,194,213
1436,4,363,13,833,100.5,100.5,0.5,213,204
1437,4,364,13,832,100.5,100.5,0.6,213,204
1438,2,364,13,828,100.5,100.0,0.6,204,208
1439,2,365,13,825,100.5,100.5,0.6,208,199
1440,4,364,13,823,100.5,100.5,0.6,208,194
1441,2,364,13,824,100.5,100.5,0.6,199,199
1442,2,364,13,823,100.5,100.5,0.6,199,199
1443,2,364,13,819,100.5,100.5,0.6,213,194
1444,2,363,13,816,100.5,100.5,0.5,213,213
1445,2,363,13,816,100.5,100.5,0.6,194,199
1446,2,363,13,814,100.5,100.5,0.5,204,199
1447,2,362,13,815,100.5,100.0,0.6,204,208
1448,2,362,13,812,100.5,100.5,0.6,194,213
1449,2,362,13,814,100.5,100.5,0.6,194,213
1450,2,362,13,816,100.5,100.5,0.6,204,199
1451,2,362,13,819,100.5,100.5,0.6,204,199
1452,2,363,13,820,100.5,100.5,0.6,213,208
1453,2,362,13,822,100.5,100.5,0.6,208,199
1454,2,363,13,823,100.5,100.5,0.6,208,204
1455,2,363,13,819,100.5,100.0,0.6,194,213
1456,2,363,13,818,100.5,100.5,0.6,194,213
1457,2,362,13,823,100.5,100.5,0.6,194,213
1458,2,362,13,819,100.5,100.5,0.6,194,199
1459,2,363,13,825,100.5,100.5,0.6,208,218
1460,2,362,13,822,100.5,100.5,0.5,218,208
1461,2,363,13,823,100.5,100.5,0.6,218,208
1462,2,362,13,819,100.5,100.5,0.6,194,213
1463,2,363,13,822,100.5,100.5,0.6,194,208
1464,2,363,13,824,100.5,100.5,0.6,199,204
1465,2,363,13,821,100.5,100.5,0.5,199,204
1466,2,363,13,823,100.5,100.5,0.6,208,204
1467,2,363,13,822,100.5,100.5,0.6,199,213
1468,2,363,13,822,100.5,100.5,0.5,199,208
1469,2,363,13,827,100.5,100.5,0.5,208,204
1470,2,363,13,829,100.5,100.5,0.6,208,213
1471,2,363,13,831,100.5,100.5,0.6,218,213
1472,0,364,13,829,100.5,100.5,0.6,218,218
1473,2,364,13,827,100.5,100.5,0.6,218,204
1474,2,364,13,823,100.5,100.5,0.6,218,218
1475,2,364,13,822,100.5,100.5,0.6,218,218
1476,2,364,13,825,100.5,100.5,0.6,213,199
1477,2,364,13,823,100.5,100.5,0.6,213,218
1478,0,364,13,823,100.5,100.5,0.6,204,218
1479,2,364,13,822,100.5,100.5,0.5,204,218
1480,0,364,13,824,100.5,100.5,0.6,208,204
1481,0,364,13,823,100.5,100.5,0.5,208,199
1482,0,364,13,820,100.5,100.5,0.5,194,218
1483,0,364,13,821,100.5,100.5,0.5,194,199
1484,2,363,13,821,100.5,100.5,0.6,194,204
1485,2,363,13,821,100.5,100.5,0.5,194,213
1486,2,364,13,821,100.5,100.5,0.6,194,199
1487,2,363,13,823,100.5,100.5,0.6,194,199
1488,0,364,13,819,100.5,100.5,0.6,194,213
1489,2,363,13,818,100.5,100.5,0.6,199,194
1490,2,364,13,820,100.5,100.5,0.6,194,208
1491,2,363,13,821,100.5,100.5,0.6,194,204
1492,2,364,13,820,100.5,100.5,0.5,204,194
1493,0,363,13,822,100.5,100.5,0.6,204,199
1494,2,363,13,822,100.5,100.5,0.6,204,204
1495,2,364,13,818,100.5,100.5,0.5,204,189
1496,2,364,13,822,100.5,100.5,0.6,194,189
1497,2,363,13,820,100.5,100.5,0.6,194,208
1498,0,363,13,819,100.5,100.5,0.6,194,208
1499,2,364,13,822,100.5,100.5,0.6,208,208
1500,2,363,13,820,100.5,100.5,0.6,208,189
1501,0,363,13,817,100.5,100.5,0.6,194,199
1502,2,363,13,819,100.5,100.5,0.6,199,199
1503,2,363,13,820,100.5,100.5,0.6,199,194
1504,2,364,13,818,100.5,100.5,0.6,204,189
1505,0,363,13,823,100.5,100.5,0.6,204,204
1506,2,363,13,822,100.5,100.5,0.6,204,189
1507,2,364,13,819,100.5,100.5,0.5,204,199
1508,2,363,13,821,100.5,100.0,0.6,199,194
1509,2,363,13,821,100.5,100.5,0.6,194,204
1510,0,363,13,819,100.5,100.5,0.6,194,194
1511,2,363,13,823,100.5,100.5,0.6,189,194
1512,2,363,13,819,100.5,100.5,0.6,189,208
1513,0,363,13,818,100.5,100.5,0.5,204,184
1514,2,363,13,820,100.5,100.5,0.6,204,184
1515,0,364,13,821,100.5,100.5,0.6,194,184
1516,2,363,13,818,100.5,100.5,0.6,194,189
1517,0,364,13,820,100.5,100.0,0.6,194,194
1518,2,363,13,819,100.5,100.5,0.6,179,184
1519,0,364,13,818,100.5,100.5,0.6,179,199
1520,2,364,13,818,100.5,100.5,0.6,199,204
1521,2,363,13,815,100.5,100.5,0.5,199,184
1522,2,363,13,819,100.5,100.5,0.5,204,199
1523,2,363,13,818,100.5,100.5,0.6,199,204
1524,2,363,13,819,100.5,100.5,0.6,199,184
1525,2,363,13,821,100.5,100.5,0.6,184,204
1526,0,363,13,821,100.5,100.5,0.6,184,204
1527,2,363,13,818,100.5,100.5,0.6,208,204
1528,2,363,13,821,100.5,100.5,0.6,208,184
1529,2,363,13,823,100.5,100.5,0.6,189,194
1530,2,364,13,823,100.5,100.5,0.6,208,204
1531,2,363,13,821,100.5,100.5,0.6,208,189
1532,2,364,13,819,100.5,100.5,0.6,194,184
1533,0,363,13,822,100.5,100.5,0.5,194,184
1534,2,363,13,821,100.5,100.5,0.6,184,199
1535,2,364,13,820,100.5,100.5,0.6,184,204
1536,2,363,13,822,100.5,100.0,0.6,194,199
1537,0,363,13,822,100.5,100.5,0.6,208,204
1538,2,363,13,819,100.5,100.5,0.6,208,184
1539,2,363,13,817,100.5,100.5,0.6,204,199
1540,2,363,13,818,100.5,100.5,0.6,204,189
1541,4,362,13,815,100.5,100.5,0.6,204,204
1542,2,363,13,816,100.5,100.5,0.5,204,199
1543,2,363,13,811,100.5,100.5,0.6,189,184
1544,2,362,13,816,100.5,100.5,0.5,213,184
1545,2,362,13,820,100.5,100.5,0.6,213,208
1546,2,362,13,824,100.5,100.5,0.6,189,189
1547,2,362,13,825,100.5,100.5,0.6,189,184
1548,2,363,13,825,100.5,100.5,0.6,194,204
1549,2,363,13,821,100.5,100.5,0.5,194,189
1550,2,363,13,823,100.5,100.0,0.6,189,189
1551,2,363,13,823,100.5,100.5,0.5,208,189
1552,4,363,13,823,100.5,100.5,0.5,208,199
1553,2,363,13,822,100.5,100.5,0.6,208,199
1554,2,363,13,825,100.5,100.0,0.6,208,194
1555,4,363,13,820,100.5,100.5,0.6,194,204
1556,2,363,13,819,100.5,100.5,0.6,194,213
1557,2,363,13,823,100.5,100.5,0.6,208,199
1558,2,363,13,823,100.5,100.5,0.5,199,208
1559,0,363,13,822,100.5,100.5,0.5,199,213
1560,2,363,13,822,100.5,100.5,0.6,208,199
1561,2,363,13,820,100.5,100.5,0.6,208,194
1562,2,363,13,823,100.5,100.5,0.5,199,208
1563,2,363,13,818,100.5,100.5,0.6,199,194
1564,2,362,13,820,100.5,100.5,0.6,213,199
1565,2,363,13,821,100.5,100.5,0.5,208,199
1566,2,362,13,817,100.5,100.5,0.5,208,194
1567,2,363,13,822,100.5,100.5,0.5,199,189
1568,2,363,13,819,100.5,100.5,0.6,199,218
1569,2,363,13,823,100.5,100.5,0.5,194,194
1570,2,363,13,822,100.5,100.5,0.6,194,208
1571,2,362,13,823,100.5,100.5,0.6,194,194
1572,2,363,13,821,100.5,100.5,0.6,204,213
1573,2,363,13,820,100.5,100.5,0.5,204,208
1574,2,363,13,823,100.5,100.5,0.6,194,194
1575,0,362,13,820,100.5,100.5,0.6,194,208
1576,2,363,13,820,100.5,100.5,0.6,208,213
1577,2,363,13,822,100.5,100.5,0.6,208,204
1578,2,363,13,819,100.5,100.5,0.6,208,208
1579,2,363,13,819,100.5,100.5,0.5,199,218
1580,2,363,13,821,100.5,100.5,0.6,199,208
1581,2,362,13,819,100.5,100.5,0.6,194,218
1582,2,363,13,820,100.5,100.5,0.6,194,213
1583,2,362,13,818,100.5,100.0,0.6,194,194
1584,2,363,13,815,100.5,100.5,0.6,199,213
1585,2,362,13,812,100.5,100.5,0.6,199,208
1586,2,362,13,810,100.5,100.5,0.6,213,208
1587,2,361,13,811,100.5,100.5,0.6,213,213
1588,2,362,13,809,100.5,100.0,0.5,218,199
1589,2,362,13,813,100.5,100.5,0.6,218,204
1590,2,361,13,814,100.5,100.5,0.6,218,213
1591,2,360,13,813,100.5,100.5,0.6,204,208
1592,2,361,13,814,100.5,100.5,0.6,204,218
1593,4,361,13,815,100.5,100.5,0.5,218,208
1594,4,361,13,817,100.5,100.5,0.6,218,218
1595,2,361,13,825,100.5,100.0,0.6,218,213
1596,2,361,13,823,100.5,100.0,0.5,218,218
1597,4,362,13,818,100.5,100.5,0.6,204,213
1598,4,362,13,820,100.5,100.5,0.6,208,223
1599,4,361,13,819,100.5,100.5,0.6,208,228
1600,2,361,13,821,100.5,100.5,0.6,218,218
1601,2,361,13,825,100.5,100.5,0.6,218,208
1602,4,361,13,822,100.5,100.5,0.6,213,233
1603,4,362,13,820,100.5,100.5,0.6,213,208
1604,4,361,13,823,100.5,100.0,0.6,228,218
1605,4,361,13,829,100.5,100.0,0.6,228,223
1606,4,362,13,827,100.5,100.5,0.6,228,228
1607,4,362,13,822,100.5,100.0,0.6,228,233
1608,4,362,13,821,100.5,100.5,0.6,228,213
1609,4,362,13,821,100.5,100.5,0.6,233,228
1610,4,362,13,821,100.5,100.5,0.5,233,228
1611,4,362,13,816,100.5,100.5,0.6,228,228
1612,4,361,13,820,100.5,100.5,0.6,233,228
1613,4,362,13,819,100.5,100.5,0.6,233,237
1614,4,362,13,825,100.5,100.0,0.6,228,233
1615,4,362,13,825,100.5,100.5,0.5,228,218
1616,4,362,13,822,100.5,100.5,0.5,237,223
1617,4,362,13,823,100.5,100.5,0.6,237,237
1618,4,362,13,823,100.5,100.5,0.6,223,223
1619,2,362,13,825,100.5,100.0,0.6,228,223
1620,4,362,13,819,100.5,100.5,0.5,228,242
1621,4,362,13,818,100.5,100.5,0.5,223,237
1622,2,362,13,821,100.5,100.5,0.5,223,237
1623,4,361,13,822,100.5,100.5,0.6,228,237
1624,4,361,13,820,100.5,100.5,0.6,228,233
1625,4,361,13,822,100.5,100.5,0.6,228,223
1626,4,361,13,819,100.5,100.5,0.6,218,237
1627,4,362,13,818,100.5,100.0,0.5,218,223
1628,4,361,13,821,100.5,100.5,0.5,233,223
1629,2,361,13,820,100.5,100.5,0.6,233,233
1630,4,361,13,819,100.5,100.0,0.5,233,223
1631,2,361,13,824,100.5,100.5,0.6,233,242
1632,4,361,13,822,100.5,100.0,0.6,242,223
1633,4,361,13,817,100.5,100.5,0.6,237,237
1634,2,361,13,824,100.5,100.5,0.6,237,237
1635,4,361,13,822,100.5,100.5,0.6,233,233
1636,4,361,13,822,100.5,100.5,0.5,233,228
1637,4,361,13,822,100.5,100.5,0.6,223,233
1638,4,361,13,825,100.5,100.5,0.5,223,237
1639,4,361,13,819,100.5,100.5,0.6,233,223
1640,4,362,13,820,100.5,100.5,0.7,237,228
1641,2,362,13,822,100.5,100.5,0.5,237,242
1642,2,362,13,823,100.5,100.0,0.7,228,228
1643,2,362,13,820,100.5,100.5,0.6,228,223
1644,4,361,13,821,100.5,100.5,0.6,242,242
1645,4,362,13,819,100.5,100.0,0.6,242,237
1646,2,361,13,818,100.5,100.0,0.7,223,237
1647,2,361,13,823,100.5,100.0,0.6,237,233
1648,4,362,13,824,100.5,100.5,0.5,237,242
1649,2,362,13,824,100.5,100.5,0.5,223,242
1650,4,362,13,828,100.5,100.5,0.6,223,233
1651,2,362,13,824,100.5,100.5,0.6,233,233
1652,4,362,13,819,100.5,100.5,0.7,233,233
1653,2,361,13,818,100.5,100.0,0.6,223,242
1654,2,362,13,825,100.5,100.0,0.6,233,223
1655,2,362,13,824,100.5,100.5,0.6,233,228
1656,2,362,13,821,100.5,100.5,0.6,242,223
1657,4,361,13,825,100.5,100.5,0.6,242,247
1658,2,362,13,822,100.5,100.5,0.6,228,233
1659,2,362,13,825,100.5,100.0,0.6,228,247
1660,2,362,13,825,100.5,100.5,0.6,237,223
1661,2,361,13,822,100.5,100.0,0.6,237,242
1662,4,362,13,823,100.5,100.5,0.5,237,233
1663,2,361,25,831,100.5,100.0,0.7,223,223
1664,2,362,34,912,100.5,100.0,0.5,223,247
1665,2,365,34,972,100.5,100.5,0.6,228,228
1666,4,370,34,1027,100.5,100.0,0.7,228,237
1667,4,377,34,1070,100.5,100.0,0.6,228,242
1668,4,383,34,1099,100.5,100.0,0.6,242,247
1669,4,388,34,1132,100.5,100.0,0.6,242,242
1670,8,389,34,1155,100.5,100.0,0.6,247,242
1671,6,396,34,1133,100.5,100.0,0.6,247,247
1672,10,400,34,1113,100.5,100.0,0.6,247,266
1673,8,401,34,1099,100.5,100.0,0.6,247,276
1674,8,402,34,1090,100.5,100.0,0.6,271,266
1675,10,401,34,1087,100.5,100.0,0.5,266,280
1676,8,401,34,1085,100.5,100.0,0.6,266,266
1677,10,401,34,1091,100.5,100.0,0.6,271,276
1678,10,401,34,1093,100.5,100.0,0.6,271,285
1679,12,402,34,1092,100.5,100.0,0.6,262,276
1680,10,402,34,1095,100.5,100.0,0.6,262,285
1681,8,402,34,1096,100.5,100.0,0.6,280,280
1682,12,402,35,1102,100.5,100.0,0.6,285,290
1683,10,402,42,1123,100.5,100.0,0.6,285,299
1684,14,404,42,1170,100.5,100.0,0.6,276,290
1685,14,406,42,1199,100.5,100.0,0.6,276,304
1686,14,411,42,1220,100.5,100.0,0.5,299,304
1687,14,413,42,1212,100.5,100.0,0.6,299,299
1688,18,415,42,1206,100.5,100.0,0.5,308,322
1689,18,416,42,1202,100.5,100.0,0.6,313,327
1690,18,416,42,1200,100.5,100.0,0.6,313,313
1691,18,417,42,1198,100.5,100.0,0.6,308,322
1692,18,418,42,1198,100.5,100.0,0.6,308,340
1693,16,418,42,1200,100.5,100.0,0.6,327,327
1694,16,418,42,1194,100.5,100.0,0.6,327,327
1695,18,418,42,1196,100.5,100.0,0.7,313,327
1696,16,419,42,1194,100.5,100.0,0.6,336,332
1697,18,419,42,1195,100.5,100.0,0.5,336,327
1698,20,419,42,1195,100.5,100.0,0.5,322,340
1699,18,419,42,1198,100.5,100.0,0.5,322,336
1700,18,418,42,1195,100.5,100.0,0.6,336,336
1701,20,419,42,1194,100.5,100.0,0.5,336,359
1702,20,420,25,1179,100.5,100.0,0.6,322,354
1703,16,416,14,1056,100.5,100.0,0.6,322,336
1704,14,408,14,952,100.5,100.0,0.5,322,354
1705,14,399,14,894,100.5,100.0,0.6,336,349
1706,12,397,14,853,100.5,100.0,0.6,336,349
1707,12,389,14,834,100.5,100.0,0.6,336,349
1708,10,382,14,825,100.5,100.0,0.6,336,336
1709,10,374,14,828,100.5,100.0,0.6,308,327
1710,8,373,14,833,100.5,100.0,0.6,327,349
1711,8,369,14,831,100.5,100.0,0.5,327,327
1712,8,368,14,834,100.5,100.0,0.6,313,327
1713,8,367,14,835,100.5,100.5,0.6,313,327
1714,8,366,14,836,100.5,100.0,0.6,304,318
1715,6,365,14,836,100.5,100.0,0.6,304,336
1716,6,365,14,837,100.5,100.5,0.6,318,313
1717,6,365,14,838,100.5,100.0,0.5,313,322
1718,6,365,14,834,100.5,100.0,0.7,313,318
1719,4,364,14,831,100.5,100.5,0.5,313,327
1720,6,364,14,834,100.5,100.5,0.6,313,304
1721,6,364,14,834,100.5,100.5,0.6,290,318
1722,6,364,14,838,100.5,100.0,0.6,290,299
1723,6,364,14,834,100.5,100.5,0.6,285,318
1724,6,364,14,837,100.5,100.0,0.6,299,308
1725,6,364,14,837,100.5,100.5,0.6,299,308
1726,6,364,14,834,100.5,100.0,0.6,276,308
1727,6,363,14,835,100.5,100.0,0.6,276,313
1728,6,363,14,837,100.5,100.0,0.6,271,299
1729,6,363,14,837,100.5,100.5,0.6,271,290
1730,4,363,14,839,100.5,100.5,0.5,290,290
1731,4,364,14,839,100.5,100.5,0.6,285,285
1732,6,364,14,840,100.5,100.5,0.6,285,290
1733,4,364,14,834,100.5,100.5,0.5,271,290
1734,6,364,14,835,100.5,100.5,0.6,271,285
1735,4,364,14,837,100.5,100.5,0.6,290,290
1736,4,364,14,834,100.5,100.0,0.6,290,290
1737,4,363,14,835,100.5,100.5,0.6,285,280
1738,4,363,14,836,100.5,100.0,0.5,285,299
1739,4,363,14,836,100.5,100.5,0.6,266,280
1740,4,363,14,837,100.5,100.0,0.6,262,276
1741,4,363,14,835,100.5,100.0,0.6,262,299
1742,4,363,14,838,100.5,100.0,0.6,285,299
1743,4,364,14,839,100.5,100.5,0.6,285,290
1744,4,364,14,835,100.5,100.5,0.6,271,280
1745,4,364,14,836,100.5,100.0,0.6,271,266
1746,4,364,14,839,100.5,100.0,0.6,262,285
1747,4,363,14,834,100.5,100.5,0.6,271,271
1748,4,364,14,836,100.5,100.0,0.6,271,266
1749,4,363,14,836,100.5,100.0,0.6,266,266
1750,6,363,20,838,100.5,100.0,0.6,266,262
1751,4,362,30,902,100.5,100.0,0.6,257,266
1752,4,364,30,961,100.5,100.0,0.6,257,271
1753,4,370,30,997,100.5,100.0,0.5,257,266
1754,6,371,30,1037,100.5,100.0,0.5,266,280
1755,6,381,30,1079,100.5,100.0,0.5,266,285
1756,8,386,30,1079,100.5,100.0,0.6,266,290
1757,6,389,30,1054,100.5,100.0,0.6,266,280
1758,8,391,30,1034,100.5,100.0,0.6,276,285
1759,10,391,30,1025,100.5,100.0,0.5,276,285
1760,10,391,30,1026,100.5,100.0,0.7,276,299
1761,10,392,30,1026,100.5,100.0,0.6,285,299
1762,10,391,30,1027,100.5,100.0,0.6,285,299
1763,8,393,22,1031,100.5,100.0,0.6,285,290
1764,10,392,14,936,100.5,100.0,0.6,285,304
1765,8,386,14,873,100.5,100.0,0.6,271,308
1766,8,385,14,836,100.5,100.0,0.6,271,308
1767,8,379,14,826,100.5,100.0,0.6,271,313
1768,8,375,14,826,100.5,100.0,0.6,271,285
1769,8,369,14,829,100.5,100.5,0.6,271,285
1770,6,369,14,831,100.5,100.5,0.6,262,304
1771,8,367,14,833,100.5,100.0,0.6,262,280
1772,8,366,14,833,100.5,100.5,0.6,276,276
1773,6,365,14,835,100.5,100.5,0.6,276,290
1774,6,364,14,839,100.5,100.5,0.6,276,280
1775,6,365,14,838,100.5,100.0,0.6,266,290
1776,4,365,14,837,100.5,100.0,0.6,266,266
1777,6,364,14,840,100.5,100.0,0.6,280,280
1778,6,365,14,836,100.5,100.5,0.6,280,271
1779,6,364,14,836,100.5,100.5,0.6,266,266
1780,6,364,14,835,100.5,100.5,0.5,280,280
1781,6,364,14,836,100.5,100.5,0.6,280,280
1782,4,364,14,836,100.5,100.5,0.5,276,276
1783,6,364,14,835,100.5,100.5,0.6,276,285
1784,6,364,14,834,100.5,100.5,0.6,276,285
1785,6,364,14,835,100.5,100.5,0.6,276,266
1786,6,363,14,839,100.5,100.5,0.6,276,280
1787,6,363,14,839,100.5,100.5,0.6,271,271
1788,6,364,14,837,100.5,100.5,0.6,271,271
1789,6,363,14,837,100.5,100.0,0.6,266,280
1790,4,363,14,834,100.5,100.0,0.7,266,280
1791,4,363,14,833,100.5,100.5,0.6,252,276
1792,6,363,14,835,100.5,100.5,0.6,252,271
1793,4,363,14,836,100.5,100.5,0.6,262,266
1794,4,363,14,836,100.5,100.0,0.6,252,266
1795,6,363,14,835,100.5,100.0,0.6,252,266
1796,6,363,14,835,100.5,100.5,0.6,276,262
1797,6,363,14,833,100.5,100.5,0.7,276,266
1798,6,363,14,835,100.5,100.5,0.7,262,271
1799,4,363,14,834,100.5,100.0,0.6,262,266
1800,4,363,14,838,100.5,100.0,0.6,257,276
1801,6,363,14,836,100.5,100.5,0.6,257,257
1802,4,363,14,837,100.5,100.5,0.6,257,262
1803,4,363,14,837,100.5,100.0,0.6,257,262
1804,4,363,14,834,100.5,100.0,0.6,257,262
1805,4,363,14,837,100.5,100.0,0.6,262,262
1806,6,363,14,837,100.5,100.0,0.6,262,266
1807,4,363,14,837,100.5,100.5,0.6,247,271
1808,4,363,14,839,100.5,100.0,0.6,242,252
1809,4,363,14,835,100.5,100.5,0.6,242,257
1810,4,363,14,834,100.5,100.5,0.6,262,266
1811,4,363,14,836,100.5,100.0,0.5,262,257
1812,4,364,14,836,100.5,100.0,0.6,262,262
1813,4,363,14,837,100.5,100.0,0.6,262,271
1814,4,363,14,838,100.5,100.5,0.6,247,271
1815,4,364,14,837,100.5,100.5,0.6,257,252
1816,6,363,14,835,100.5,100.5,0.6,257,262
1817,4,364,14,838,100.5,100.5,0.6,257,247
1818,4,364,14,839,100.5,100.5,0.6,257,271
1819,4,364,14,837,100.5,100.5,0.6,262,247
1820,4,363,14,839,100.5,100.0,0.6,262,247
1821,4,363,14,840,100.5,100.5,0.6,242,257
1822,6,363,14,836,100.5,100.0,0.6,242,252
1823,6,363,14,837,100.5,100.5,0.5,242,247
1824,6,363,14,836,100.5,100.5,0.5,242,271
1825,4,363,14,834,100.5,100.5,0.6,242,262
1826,4,363,14,836,100.5,100.5,0.6,247,247
1827,6,363,14,838,100.5,100.5,0.5,247,266
1828,4,363,17,837,100.5,100.0,0.6,257,252
1829,6,363,29,899,100.5,100.5,0.6,237,266
1830,4,366,28,954,100.5,100.0,0.7,237,252
1831,6,372,14,984,100.5,100.0,0.7,257,266
1832,6,374,14,930,100.5,100.0,0.6,257,271
1833,6,374,14,885,100.5,100.0,0.6,262,276
1834,6,372,14,847,100.5,100.0,0.6,262,266
1835,6,370,14,830,100.5,100.5,0.6,252,257
1836,6,369,14,823,100.5,100.5,0.6,257,262
1837,4,367,14,823,100.5,100.5,0.6,257,271
1838,6,366,14,823,100.5,100.5,0.6,262,271
1839,4,365,14,826,100.5,100.5,0.6,262,271
1840,6,364,14,828,100.5,100.5,0.6,257,257
1841,6,364,14,829,100.5,100.5,0.6,257,257
1842,6,363,14,831,100.5,100.0,0.6,262,266
1843,6,363,28,884,100.5,100.5,0.6,247,252
1844,6,364,28,938,100.5,100.0,0.7,247,271
1845,6,368,28,975,100.5,100.0,0.6,242,262
1846,6,374,14,1005,100.5,100.0,0.6,242,262
1847,6,375,14,937,100.5,100.0,0.6,247,266
1848,6,375,14,894,100.5,100.5,0.6,247,271
1849,8,374,14,857,100.5,100.5,0.6,262,271
1850,6,370,14,833,100.5,100.5,0.6,252,257
1851,8,368,14,831,100.5,100.0,0.6,252,266
1852,6,366,20,830,100.5,100.0,0.6,257,280
1853,6,365,27,894,100.5,100.0,0.6,257,271
1854,6,367,30,950,100.5,100.0,0.7,257,262
1855,6,369,33,1012,100.5,100.0,0.6,257,271
1856,8,376,14,997,100.5,100.0,0.6,271,262
1857,8,377,14,919,100.5,100.0,0.6,257,271
1858,8,375,14,872,100.5,100.0,0.6,257,266
1859,6,372,28,866,100.5,100.0,0.7,276,276
1860,8,371,28,922,100.5,100.0,0.6,276,280
1861,6,372,29,970,100.5,100.0,0.6,257,285
1862,6,373,29,1016,100.5,100.0,0.7,257,285
1863,8,373,28,1069,100.5,100.0,0.6,257,280
1864,8,379,14,993,100.5,100.0,0.6,262,290
1865,8,381,14,912,100.5,100.0,0.5,262,280
1866,8,380,14,868,100.5,100.0,0.6,280,285
1867,8,377,14,842,100.5,100.0,0.6,280,285
1868,8,372,14,830,100.5,100.0,0.6,276,276
1869,6,369,14,831,100.5,100.0,0.6,276,276
1870,8,368,14,832,100.5,100.5,0.6,276,285
1871,6,367,14,836,100.5,100.5,0.6,280,285
1872,6,365,14,832,100.5,100.5,0.6,280,285
1873,6,365,14,839,100.5,100.0,0.6,276,271
1874,6,365,14,834,100.5,100.0,0.6,276,271
1875,8,365,14,834,100.5,100.0,0.6,257,271
1876,6,365,14,834,100.5,100.5,0.6,257,285
1877,6,364,14,837,100.5,100.0,0.6,271,280
1878,6,364,14,836,100.5,100.0,0.6,262,271
1879,6,363,14,836,100.5,100.5,0.6,262,280
1880,6,363,14,836,100.5,100.0,0.6,257,276
1881,6,363,14,836,100.5,100.5,0.6,257,285
1882,4,363,24,866,100.5,100.5,0.6,257,280
1883,6,364,34,926,100.5,100.0,0.6,257,266
1884,4,368,34,990,100.5,100.0,0.6,266,285
1885,6,372,34,1036,100.5,100.0,0.6,266,290
1886,6,379,34,1076,100.5,100.0,0.6,266,299
1887,10,384,34,1100,100.5,100.0,0.6,271,280
1888,10,388,34,1121,100.5,100.0,0.6,271,290
1889,10,394,34,1149,100.5,100.0,0.6,290,308
1890,10,399,34,1136,100.5,100.0,0.7,290,313
1891,12,401,34,1115,100.5,100.0,0.6,285,290
1892,12,401,34,1103,100.5,100.0,0.7,285,322
1893,12,401,34,1096,100.5,100.0,0.7,285,318
1894,12,402,34,1090,100.5,100.0,0.6,285,318
1895,14,402,34,1091,100.5,100.0,0.6,285,327
1896,12,402,34,1095,100.5,100.0,0.7,290,332
1897,12,401,34,1096,100.5,100.0,0.6,290,332
1898,14,402,34,1094,100.5,100.0,0.6,313,308
1899,14,401,19,1052,100.5,100.0,0.6,318,318
1900,14,399,14,940,100.5,100.0,0.5,318,313
1901,10,391,14,872,100.5,100.0,0.6,308,336
1902,10,383,15,836,100.5,100.0,0.6,308,336
1903,10,378,14,827,100.5,100.0,0.6,299,332
1904,10,374,15,828,100.5,100.0,0.6,299,313
1905,10,370,14,830,100.5,100.5,0.6,299,313
1906,10,368,14,835,100.5,100.5,0.6,313,318
1907,8,367,14,832,100.5,100.0,0.6,313,308
1908,8,366,14,837,100.5,100.5,0.6,290,308
1909,8,365,15,838,100.5,100.0,0.6,290,327
1910,6,364,14,835,100.5,100.5,0.6,299,304
1911,6,364,14,839,100.5,100.5,0.6,299,322
1912,6,363,14,840,100.5,100.5,0.5,299,304
1913,8,363,14,840,100.5,100.0,0.5,299,313
1914,8,364,14,839,100.5,100.5,0.6,299,299
1915,6,364,14,837,100.5,100.5,0.5,290,313
1916,6,364,14,837,100.5,100.5,0.6,290,313
1917,6,363,14,837,100.5,100.5,0.6,290,299
1918,6,363,14,838,100.5,100.0,0.6,290,299
1919,6,363,14,839,100.5,100.5,0.6,280,313
1920,4,363,14,840,100.5,100.0,0.6,271,290
1921,6,363,14,839,100.5,100.5,0.6,271,308
1922,6,363,14,841,100.5,100.0,0.6,285,290
1923,6,363,14,839,100.5,100.5,0.6,285,290
1924,6,363,14,837,100.5,100.0,0.7,276,308
1925,6,364,14,838,100.5,100.0,0.6,276,285
1926,6,363,14,841,100.5,100.5,0.6,290,290
1927,6,364,14,839,100.5,100.5,0.6,285,280
1928,6,364,14,840,100.5,100.5,0.6,285,290
1929,6,364,14,841,100.5,100.0,0.6,285,304
1930,4,363,14,840,100.5,100.5,0.6,285,280
1931,6,363,14,838,100.5,100.5,0.7,262,280
1932,6,363,14,839,100.5,100.5,0.6,262,304
1933,4,363,14,840,100.5,100.0,0.7,276,276
1934,6,363,14,836,100.5,100.5,0.7,266,271
1935,6,363,14,839,100.5,100.5,0.6,266,276
1936,6,362,14,840,100.5,100.5,0.6,266,276
1937,4,363,14,839,100.5,100.5,0.6,266,280
1938,4,363,14,836,100.5,100.5,0.6,271,290
1939,6,363,14,838,100.5,100.5,0.6,271,285
1940,6,363,14,837,100.5,100.5,0.6,266,299
1941,4,363,14,836,100.5,100.0,0.6,266,290
1942,6,363,14,837,100.5,100.0,0.6,266,285
1943,6,362,14,841,100.5,100.0,0.6,271,266
1944,6,363,14,838,100.5,100.0,0.6,271,271
1945,6,363,14,840,100.5,100.5,0.7,262,276
1946,6,362,14,840,100.5,100.5,0.6,266,280
1947,6,363,14,837,100.5,100.5,0.6,266,276
1948,6,363,14,836,100.5,100.0,0.6,276,276
1949,4,363,14,839,100.5,100.5,0.6,276,276
1950,6,363,14,840,100.5,100.5,0.6,257,276
1951,6,362,14,839,100.5,100.0,0.6,257,290
1952,4,362,14,839,100.5,100.5,0.6,262,271
1953,4,362,14,842,100.5,100.0,0.6,266,280
1954,6,363,14,839,100.5,100.0,0.7,266,262
1955,6,363,14,837,100.5,100.0,0.6,252,276
1956,6,362,14,839,100.5,100.0,0.6,252,266
1957,6,362,14,838,100.5,100.5,0.6,262,262
1958,4,363,14,837,100.5,100.0,0.6,276,276
1959,4,363,14,838,100.5,100.5,0.6,276,276
1960,4,363,14,840,100.5,100.5,0.6,271,262
1961,6,362,14,840,100.5,100.5,0.6,271,285
1962,6,362,14,840,100.5,100.5,0.6,257,285
1963,6,363,14,837,100.5,100.5,0.6,257,271
1964,4,363,14,837,100.5,100.5,0.6,271,262
1965,6,363,14,838,100.5,100.5,0.6,271,276
1966,4,362,14,838,100.5,100.0,0.6,271,266
1967,4,362,14,841,100.5,100.0,0.6,262,276
1968,6,362,14,837,100.5,100.0,0.6,262,271
1969,4,362,14,840,100.5,100.0,0.6,271,276
1970,6,363,14,840,100.5,100.5,0.6,271,266
1971,6,363,14,841,100.5,100.0,0.6,257,271
1972,4,363,14,836,100.5,100.5,0.6,252,262
1973,4,363,14,837,100.5,100.5,0.6,252,280
1974,6,362,14,838,100.5,100.5,0.6,262,280
1975,6,362,14,837,100.5,100.5,0.5,262,266
1976,6,362,14,839,100.5,100.5,0.6,276,266
1977,6,363,14,841,100.5,100.5,0.6,276,271
1978,4,362,14,836,100.5,100.5,0.6,252,276
1979,6,363,14,836,100.5,100.5,0.6,271,257
1980,6,363,14,839,100.5,100.5,0.6,271,266
1981,6,363,14,837,100.5,100.5,0.6,252,262
1982,6,363,14,840,100.5,100.5,0.6,252,271
1983,6,363,14,838,100.5,100.0,0.6,266,276
1984,4,363,14,840,100.5,100.0,0.6,266,266
1985,6,363,14,840,100.5,100.0,0.6,257,271
1986,4,363,14,836,100.5,100.5,0.6,271,262
1987,4,363,14,836,100.5,100.0,0.6,271,276
1988,6,363,14,837,100.5,100.0,0.6,266,266
1989,6,362,14,839,100.5,100.5,0.6,266,262
1990,6,362,14,839,100.5,100.0,0.6,252,266
1991,6,363,14,841,100.5,100.5,0.6,252,257
1992,6,363,14,840,100.5,100.0,0.6,271,276
1993,4,363,14,839,100.5,100.0,0.6,257,262
1994,4,363,14,839,100.5,100.0,0.6,257,266
1995,6,363,14,840,100.5,100.5,0.6,262,266
1996,4,363,14,837,100.5,100.5,0.7,262,271
1997,6,363,14,837,100.5,100.0,0.6,247,252
1998,4,363,14,838,100.5,100.5,0.6,247,262
1999,6,363,14,840,100.5,100.5,0.6,252,262
2000,6,363,14,840,100.5,100.0,0.7,247,266
"12/25/2021 21:22","Data Logging Completed","(Total Samples = 2000 - Sample Rate = 120 Per Minute)"
