"12/25/2021 21:36","3512B Port (4TN00220)","(Total Samples = 2000 - Sample Rate = 120 Per Minute)"
"Unit Descriptions","kPa","kPa","%","RPM","kPa","kPa","kPa","Deg C","Deg C"
"Sample #","Boost Pressure","Fuel Pressure","Throttle Position","Engine Speed","Right Turbo Inlet Pressure (abs)","Left Turbo Inlet Pressure (abs)","Crankcase Pressure","Right Exhaust Temperature","Left Exhaust Temperature"
1,No Data,No Data,No Data,No Data,No Data,No Data,No Data,No Data,No Data
2,No Data,No Data,No Data,No Data,No Data,No Data,No Data,No Data,No Data
3,No Data,No Data,No Data,No Data,No Data,No Data,No Data,No Data,No Data
4,No Data,No Data,No Data,No Data,No Data,No Data,No Data,No Data,No Data
5,4,362,14,835,100.5,100.5,0.7,Timed Out,271
6,4,362,14,837,100.5,100.5,0.7,271,262
7,6,362,14,837,100.5,100.5,0.7,271,276
8,4,363,14,837,100.5,100.5,0.7,266,266
9,2,362,14,839,100.5,100.5,0.8,271,271
10,2,362,14,839,100.5,100.5,0.8,271,271
11,6,362,14,840,100.5,100.5,0.7,266,257
12,4,362,14,839,100.5,100.0,0.7,266,276
13,4,362,14,839,100.5,100.0,0.7,262,276
14,4,362,14,838,100.5,100.5,0.7,262,266
15,4,362,14,840,100.5,100.5,0.6,257,266
16,4,363,14,840,100.5,100.5,0.7,262,257
17,4,363,14,840,100.5,100.5,0.7,262,257
18,4,363,14,840,100.5,100.5,0.6,257,257
19,4,363,14,841,100.5,100.5,0.6,257,271
20,4,363,14,841,100.5,100.5,0.6,257,271
21,4,363,14,838,100.5,100.0,0.7,257,266
22,4,363,14,837,100.5,100.5,0.6,266,257
23,4,363,14,837,100.5,100.0,0.7,257,266
24,4,363,14,839,100.5,100.5,0.6,257,266
25,4,362,14,837,100.5,100.5,0.7,271,262
26,4,362,14,841,100.5,100.5,0.7,271,262
27,4,362,14,841,100.5,100.5,0.7,247,262
28,4,362,14,838,100.5,100.5,0.7,247,257
29,4,362,14,838,100.5,100.5,0.7,262,257
30,4,363,14,837,100.5,100.5,0.7,262,271
31,4,362,14,838,100.5,100.5,0.7,262,262
32,4,363,14,837,100.5,100.5,0.7,257,262
33,6,363,14,840,100.5,100.5,0.7,257,257
34,6,363,14,840,100.5,100.5,0.7,266,257
35,6,363,14,839,100.5,100.5,0.6,266,276
36,6,363,14,839,100.5,100.5,0.6,266,276
37,4,363,14,837,100.5,100.0,0.6,252,266
38,6,362,14,839,100.5,100.5,0.7,252,276
39,4,363,14,839,100.5,100.5,0.7,262,257
40,4,362,14,839,100.5,100.5,0.7,262,266
41,4,362,14,839,100.5,100.5,0.7,252,266
42,4,362,14,839,100.5,100.5,0.7,252,262
43,4,363,14,841,100.5,100.0,0.7,266,271
44,4,363,14,839,100.5,100.5,0.7,247,276
45,4,363,14,839,100.5,100.5,0.7,247,276
46,4,363,14,837,100.5,100.0,0.7,257,271
47,4,363,14,838,100.5,100.0,0.7,257,271
48,4,363,14,838,100.5,100.0,0.7,257,271
49,6,363,14,841,100.5,100.5,0.7,257,257
50,6,362,14,839,100.5,100.5,0.6,257,252
51,4,363,14,836,100.5,100.5,0.7,271,276
52,4,362,14,838,100.5,100.5,0.7,271,257
53,4,363,14,839,100.5,100.5,0.6,271,266
54,4,363,14,838,100.5,100.5,0.7,271,271
55,4,363,14,838,100.5,100.5,0.7,257,271
56,4,363,14,837,100.5,100.0,0.6,257,257
57,4,363,14,837,100.5,100.0,0.6,247,257
58,4,362,14,839,100.5,100.5,0.7,252,257
59,4,362,14,840,100.5,100.5,0.7,252,257
60,4,362,14,838,100.5,100.5,0.7,271,271
61,4,362,14,837,100.5,100.5,0.7,271,252
62,4,362,14,837,100.5,100.5,0.7,266,252
63,4,362,14,840,100.5,100.5,0.7,266,276
64,4,362,14,840,100.5,100.5,0.7,266,276
65,4,362,15,840,100.5,100.5,0.7,247,252
66,4,362,14,841,100.5,100.5,0.6,247,266
67,4,363,14,841,100.5,100.5,0.7,271,262
68,4,363,14,840,100.5,100.0,0.7,271,252
69,4,363,14,840,100.5,100.0,0.7,266,252
70,4,363,14,837,100.5,100.5,0.7,266,276
71,4,362,14,839,100.5,100.0,0.7,252,266
72,4,363,0,822,100.5,100.5,0.7,266,266
73,4,363,0,822,100.5,100.5,0.7,266,266
74,4,356,0,673,100.5,100.5,0.7,266,266
75,4,355,0,635,100.5,100.5,0.7,266,252
76,4,355,0,635,100.5,100.5,0.7,252,252
77,6,347,0,630,100.5,100.5,0.7,252,247
78,4,343,0,641,100.5,100.5,0.7,252,262
79,4,341,0,650,100.5,100.5,0.8,257,266
80,4,341,0,651,100.5,100.5,0.6,257,262
81,2,340,0,652,100.5,100.5,0.6,247,262
82,4,339,0,651,100.5,100.5,0.7,247,262
83,4,339,0,651,100.5,100.5,0.7,252,262
84,4,339,0,650,100.5,100.5,0.6,252,266
85,4,339,0,650,100.5,100.5,0.6,252,266
86,2,339,40,711,100.5,100.5,0.7,237,247
87,2,339,40,802,100.5,100.5,0.7,237,247
88,2,343,12,830,100.5,100.5,0.7,252,237
89,2,349,12,800,100.5,100.5,0.7,252,257
90,2,349,12,800,100.5,100.5,0.7,257,257
91,2,354,12,802,100.5,100.5,0.7,257,252
92,2,355,12,808,100.5,100.5,0.7,237,262
93,4,356,12,811,100.5,100.5,0.7,237,242
94,4,356,12,811,100.5,100.5,0.7,237,242
95,4,359,12,817,100.5,100.5,0.6,257,247
96,4,359,12,816,100.5,100.5,0.7,257,252
97,4,359,12,816,100.5,100.5,0.7,233,252
98,2,360,12,816,100.5,100.5,0.7,233,252
99,2,360,12,812,100.5,100.5,0.7,237,257
100,4,360,12,814,100.5,100.5,0.7,242,257
101,4,360,12,814,100.5,100.5,0.7,242,257
102,4,360,12,810,100.5,100.5,0.7,242,262
103,4,361,12,815,100.5,100.5,0.7,242,242
104,4,361,12,815,100.5,100.5,0.7,252,242
105,4,360,13,815,100.5,100.5,0.6,252,247
106,4,361,13,819,100.5,100.5,0.7,252,242
107,2,361,13,816,100.5,100.5,0.7,242,262
108,4,360,13,820,100.5,100.5,0.7,242,266
109,4,361,13,816,100.5,100.5,0.7,233,242
110,4,360,13,817,100.5,100.5,0.7,233,252
111,4,360,13,817,100.5,100.5,0.7,247,252
112,4,360,13,819,100.5,100.5,0.7,247,242
113,4,360,13,819,100.5,100.5,0.7,237,242
114,4,360,13,819,100.5,100.5,0.7,237,266
115,2,360,13,819,100.5,100.5,0.7,237,257
116,4,360,13,821,100.5,100.5,0.6,247,242
117,4,361,13,818,100.5,100.5,0.5,247,252
118,4,360,13,818,100.5,100.5,0.5,247,252
119,4,360,13,821,100.5,100.5,0.6,247,242
120,4,360,13,821,100.5,100.5,0.7,247,262
121,4,360,13,822,100.5,100.5,0.7,252,262
122,4,360,13,822,100.5,100.5,0.6,252,257
123,4,360,13,820,100.5,100.5,0.6,257,262
124,4,360,13,819,100.5,100.5,0.6,257,266
125,4,360,13,822,100.5,100.5,0.7,237,242
126,4,361,13,819,100.5,100.5,0.7,237,262
127,4,360,13,820,100.5,100.5,0.7,257,271
128,4,361,13,821,100.5,100.5,0.7,247,266
129,4,361,13,822,100.5,100.5,0.7,247,242
130,4,360,13,819,100.5,100.5,0.6,262,252
131,4,361,13,819,100.5,100.5,0.7,262,262
132,4,360,13,818,100.5,100.5,0.7,237,247
133,4,360,13,822,100.5,100.5,0.7,237,252
134,4,360,13,818,100.5,100.5,0.7,262,242
135,4,360,13,818,100.5,100.5,0.7,247,262
136,4,361,13,821,100.5,100.5,0.7,247,262
137,4,360,13,822,100.5,100.5,0.7,237,257
138,4,361,13,820,100.5,100.5,0.7,237,252
139,4,360,13,822,100.5,100.5,0.6,257,266
140,4,360,13,821,100.5,100.5,0.7,257,262
141,4,361,13,819,100.5,100.5,0.7,242,247
142,2,359,25,822,100.5,100.0,0.7,247,242
143,4,360,36,902,100.5,100.0,0.7,247,262
144,4,363,36,972,100.5,100.0,0.7,262,262
145,4,366,36,1021,100.5,100.0,0.8,262,247
146,4,372,36,1061,100.5,100.0,0.7,262,266
147,4,379,36,1103,100.5,100.0,0.7,262,257
148,6,386,36,1136,100.5,100.0,0.7,276,266
149,8,391,36,1140,100.5,100.0,0.7,262,285
150,10,396,36,1170,100.5,100.0,0.7,262,285
151,10,400,36,1163,100.5,100.0,0.7,276,280
152,10,404,36,1140,100.5,100.0,0.7,276,308
153,10,404,36,1128,100.5,100.0,0.7,290,313
154,12,404,36,1117,100.5,100.0,0.6,290,299
155,14,404,36,1115,100.5,100.0,0.7,290,318
156,14,404,36,1119,100.5,100.0,0.7,285,304
157,12,405,36,1117,100.5,100.0,0.7,285,308
158,12,404,36,1117,100.5,100.0,0.7,308,308
159,12,404,36,1117,100.5,100.0,0.7,308,322
160,12,405,36,1119,100.5,100.0,0.7,313,327
161,12,405,36,1119,100.5,100.0,0.7,313,308
162,14,405,36,1124,100.5,100.0,0.6,290,332
163,14,405,36,1120,100.5,100.0,0.7,318,327
164,14,405,36,1121,100.5,100.0,0.7,318,322
165,14,405,36,1120,100.5,100.0,0.7,318,340
166,14,405,36,1119,100.5,100.0,0.6,318,332
167,14,405,36,1120,100.5,100.0,0.7,313,332
168,16,405,36,1124,100.5,100.0,0.6,313,345
169,16,405,36,1124,100.5,100.0,0.7,318,332
170,16,406,36,1123,100.5,100.0,0.7,318,345
171,14,406,36,1122,100.5,100.0,0.7,318,336
172,14,405,36,1122,100.5,100.0,0.7,332,340
173,16,406,36,1121,100.5,100.0,0.7,332,332
174,14,405,36,1120,100.5,100.0,0.7,327,354
175,14,405,36,1120,100.5,100.0,0.7,327,332
176,16,405,36,1117,100.5,100.0,0.7,340,345
177,14,405,36,1120,100.5,100.0,0.7,322,336
178,16,405,36,1118,100.5,100.0,0.7,322,345
179,14,405,36,1118,100.5,100.0,0.7,327,354
180,16,405,36,1118,100.5,100.0,0.7,327,340
181,14,406,36,1121,100.5,100.0,0.6,322,363
182,18,405,36,1124,100.5,100.0,0.7,322,354
183,14,405,36,1121,100.5,100.0,0.7,340,354
184,16,405,36,1122,100.5,100.0,0.7,345,359
185,16,405,36,1121,100.5,100.0,0.7,345,345
186,16,405,36,1120,100.5,100.0,0.7,336,349
187,16,405,36,1119,100.5,100.0,0.7,336,359
188,16,405,36,1122,100.5,100.0,0.7,332,359
189,16,405,36,1120,100.5,100.0,0.7,332,349
190,16,405,36,1122,100.5,100.0,0.7,340,349
191,16,405,36,1119,100.5,100.0,0.7,336,368
192,16,405,36,1120,100.5,100.0,0.7,336,359
193,16,405,36,1119,100.5,100.0,0.7,345,363
194,18,405,36,1125,100.5,100.0,0.7,345,359
195,14,406,36,1121,100.5,100.0,0.6,336,373
196,14,405,36,1122,100.5,100.0,0.7,336,368
197,18,405,36,1122,100.5,100.0,0.7,349,363
198,14,405,36,1122,100.5,100.0,0.7,349,359
199,18,406,36,1122,100.5,100.0,0.6,349,377
200,18,406,36,1123,100.5,100.0,0.7,349,368
201,14,405,36,1122,100.5,100.0,0.7,349,359
202,16,405,36,1122,100.5,100.0,0.7,354,377
203,16,406,36,1122,100.5,100.0,0.6,354,368
204,16,405,36,1118,100.5,100.0,0.7,363,363
205,18,405,36,1116,100.5,100.0,0.7,359,359
206,18,405,36,1117,100.5,100.0,0.7,359,363
207,16,405,36,1118,100.5,100.0,0.7,345,368
208,18,405,36,1117,100.5,100.0,0.7,345,377
209,18,404,36,1116,100.5,100.0,0.7,368,382
210,16,405,36,1120,100.5,100.0,0.6,368,377
211,16,405,36,1121,100.5,100.0,0.7,354,363
212,18,405,36,1124,100.5,100.0,0.7,363,377
213,18,404,36,1127,100.5,100.0,0.7,363,363
214,18,405,36,1130,100.5,100.0,0.6,368,382
215,18,406,36,1135,100.5,100.0,0.5,368,368
216,18,408,36,1139,100.5,100.0,0.7,349,377
217,18,409,36,1137,100.5,100.0,0.6,349,377
218,16,409,36,1138,100.5,100.0,0.6,363,368
219,16,410,36,1136,100.5,100.0,0.6,368,368
220,16,409,36,1134,100.5,100.0,0.7,368,377
221,14,409,36,1125,100.5,100.0,0.7,363,377
222,16,409,36,1126,100.5,100.0,0.7,363,386
223,14,409,36,1123,100.5,100.0,0.7,368,377
224,16,408,36,1125,100.5,100.0,0.6,368,368
225,16,408,36,1127,100.5,100.0,0.6,354,382
226,16,407,36,1127,100.5,100.0,0.7,354,382
227,14,407,36,1125,100.5,100.0,0.6,349,373
228,16,408,36,1125,100.5,100.0,0.7,349,382
229,14,408,36,1125,100.5,100.0,0.6,373,386
230,16,408,36,1123,100.5,100.0,0.7,373,382
231,16,407,36,1122,100.5,100.0,0.7,368,382
232,16,408,36,1126,100.5,100.0,0.6,368,363
233,14,407,36,1122,100.5,100.0,0.7,359,377
234,14,407,36,1127,100.5,100.0,0.7,349,382
235,14,407,36,1126,100.5,100.0,0.7,349,363
236,14,409,26,1118,100.5,100.0,0.7,354,368
237,14,409,12,1021,100.5,100.0,0.7,354,373
238,14,406,12,933,100.5,100.0,0.6,340,373
239,12,399,12,863,100.5,100.0,0.7,340,359
240,10,386,14,831,100.5,100.0,0.7,336,354
241,10,379,14,820,100.5,100.0,0.7,340,359
242,8,375,14,822,100.5,100.5,0.6,340,354
243,10,372,14,824,100.5,100.5,0.7,345,363
244,8,369,14,825,100.5,100.5,0.7,345,359
245,8,368,14,826,100.5,100.5,0.7,332,340
246,8,368,14,824,100.5,100.0,0.7,332,349
247,6,366,14,830,100.5,100.5,0.7,336,336
248,8,366,14,829,100.5,100.5,0.6,336,327
249,6,366,14,830,100.5,100.5,0.7,336,322
250,6,365,14,829,100.5,100.5,0.7,313,345
251,6,365,14,826,100.5,100.5,0.7,313,322
252,6,365,14,825,100.5,100.5,0.7,313,327
253,6,365,14,831,100.5,100.5,0.6,313,336
254,6,365,14,827,100.5,100.5,0.7,313,327
255,6,365,14,829,100.5,100.5,0.7,304,327
256,6,364,14,830,100.5,100.5,0.7,304,327
257,6,364,14,830,100.5,100.5,0.6,313,308
258,4,365,14,828,100.5,100.5,0.7,313,313
259,4,364,14,828,100.5,100.5,0.6,308,322
260,4,364,14,828,100.5,100.5,0.7,308,322
261,4,364,14,829,100.5,100.5,0.7,313,313
262,4,364,14,826,100.5,100.0,0.6,290,308
263,4,365,14,831,100.5,100.5,0.6,290,308
264,4,364,14,830,100.5,100.5,0.7,290,299
265,4,364,14,827,100.5,100.5,0.6,290,313
266,4,364,14,823,100.5,100.5,0.7,299,313
267,6,364,14,827,100.5,100.5,0.7,299,280
268,4,364,14,829,100.5,100.5,0.7,285,285
269,4,364,14,831,100.5,100.5,0.7,280,285
270,4,364,14,829,100.5,100.5,0.7,280,285
271,4,364,14,829,100.5,100.5,0.7,276,290
272,4,364,14,829,100.5,100.5,0.8,276,290
273,4,364,14,828,100.5,100.5,0.6,276,280
274,4,364,14,827,100.5,100.5,0.6,266,299
275,4,364,14,827,100.5,100.5,0.8,266,299
276,4,364,14,832,100.5,100.5,0.8,262,266
277,4,364,14,832,100.5,100.5,0.7,262,271
278,4,364,14,831,100.5,100.0,0.7,271,280
279,4,365,14,831,100.5,100.5,0.7,271,280
280,4,364,14,829,100.5,100.5,0.6,276,276
281,2,364,14,829,100.5,100.5,0.7,271,280
282,4,365,14,829,100.5,100.5,0.7,271,262
283,4,364,14,827,100.5,100.0,0.8,276,271
284,2,364,14,828,100.5,100.0,0.7,276,280
285,4,365,14,828,100.5,100.5,0.8,276,276
286,2,364,14,830,100.5,100.5,0.7,262,257
287,4,365,14,831,100.5,100.5,0.7,262,271
288,2,364,14,828,100.5,100.5,0.7,252,271
289,2,364,14,828,100.5,100.5,0.7,252,252
290,4,364,14,826,100.5,100.5,0.7,252,252
291,4,365,14,827,100.5,100.5,0.8,252,266
292,4,365,14,828,100.5,100.5,0.7,262,266
293,2,365,14,832,100.5,100.5,0.7,271,262
294,4,365,14,828,100.5,100.5,0.7,271,262
295,4,365,14,829,100.5,100.5,0.7,252,247
296,4,364,14,828,100.5,100.5,0.6,252,247
297,4,364,14,826,100.5,100.5,0.7,252,252
298,4,364,14,828,100.5,100.5,0.7,252,257
299,4,364,14,829,100.5,100.5,0.7,252,262
300,4,365,13,823,100.5,100.5,0.7,237,262
301,2,364,13,822,100.5,100.5,0.7,237,252
302,2,364,12,818,100.5,100.5,0.7,262,257
303,2,364,12,818,100.5,100.5,0.7,262,242
304,4,364,12,811,100.5,100.5,0.7,257,252
305,4,363,12,813,100.5,100.5,0.6,237,237
306,4,363,12,811,100.5,100.5,0.8,237,252
307,2,362,12,814,100.5,100.5,0.7,252,247
308,2,363,12,812,100.5,100.5,0.7,252,252
309,4,362,12,814,100.5,100.5,0.7,252,233
310,4,362,12,813,100.5,100.5,0.7,252,252
311,4,362,12,813,100.5,100.5,0.7,247,252
312,4,363,12,815,100.5,100.5,0.7,247,237
313,4,363,12,812,100.5,100.5,0.7,247,237
314,2,362,12,813,100.5,100.5,0.7,233,247
315,4,362,12,813,100.5,100.5,0.7,233,237
316,2,362,12,812,100.5,100.5,0.7,252,237
317,4,363,12,815,100.5,100.5,0.6,252,242
318,4,362,12,814,100.5,100.5,0.7,228,237
319,2,362,12,813,100.5,100.5,0.7,247,228
320,4,362,12,812,100.5,100.5,0.7,247,247
321,4,363,12,813,100.5,100.5,0.7,247,233
322,2,362,12,812,100.5,100.5,0.6,247,233
323,4,362,12,814,100.5,100.5,0.7,228,228
324,4,363,12,814,100.5,100.5,0.6,228,242
325,2,362,12,814,100.5,100.5,0.7,233,233
326,4,362,12,815,100.5,100.5,0.7,237,233
327,2,363,12,812,100.5,100.5,0.7,237,223
328,2,362,12,814,100.5,100.5,0.7,218,228
329,4,362,12,811,100.5,100.5,0.6,218,242
330,2,362,12,812,100.5,100.5,0.6,228,218
331,2,363,12,812,100.5,100.5,0.7,228,228
332,2,362,12,811,100.5,100.5,0.7,218,223
333,2,362,12,812,100.5,100.5,0.7,223,218
334,4,362,12,813,100.5,100.5,0.7,223,218
335,2,362,12,810,100.5,100.5,0.7,218,228
336,2,362,12,809,100.5,100.5,0.7,218,228
337,2,362,12,811,100.5,100.5,0.6,233,223
338,2,362,12,809,100.5,100.5,0.7,233,233
339,2,362,12,808,100.5,100.5,0.7,228,233
340,2,362,12,805,100.5,100.5,0.6,233,218
341,2,362,12,810,100.5,100.5,0.7,233,223
342,2,361,12,811,100.5,100.5,0.6,233,228
343,2,361,12,812,100.5,100.5,0.7,233,213
344,4,362,12,812,100.5,100.5,0.7,228,213
345,2,362,12,813,100.5,100.5,0.8,228,223
346,2,362,12,813,100.5,100.5,0.7,218,213
347,2,362,12,815,100.5,100.5,0.8,213,213
348,2,362,12,813,100.5,100.5,0.7,213,233
349,4,362,12,813,100.5,100.5,0.6,228,233
350,4,362,12,815,100.5,100.5,0.7,228,228
351,2,362,12,811,100.5,100.5,0.6,218,223
352,2,362,12,815,100.5,100.5,0.7,218,213
353,4,362,12,814,100.5,100.5,0.7,233,223
354,4,362,12,813,100.5,100.5,0.7,237,218
355,4,361,12,811,100.5,100.5,0.7,237,213
356,4,362,12,814,100.5,100.5,0.7,228,218
357,4,362,12,812,100.5,100.5,0.7,228,213
358,2,361,12,813,100.5,100.5,0.7,213,233
359,4,362,12,811,100.5,100.5,0.7,213,213
360,2,362,12,813,100.5,100.5,0.8,228,213
361,2,362,12,813,100.5,100.5,0.7,237,228
362,2,361,12,811,100.5,100.5,0.7,237,213
363,2,361,12,812,100.5,100.5,0.7,223,223
364,2,362,12,812,100.5,100.5,0.7,223,228
365,2,362,12,817,100.5,100.5,0.6,237,208
366,2,362,12,818,100.5,100.5,0.7,237,223
367,4,363,12,815,100.5,100.5,0.7,233,233
368,4,363,12,817,100.5,100.5,0.7,233,228
369,2,362,12,811,100.5,100.5,0.7,233,218
370,2,362,12,816,100.5,100.5,0.8,208,218
371,2,363,12,813,100.5,100.5,0.7,208,228
372,2,362,12,814,100.5,100.5,0.6,233,208
373,4,362,12,812,100.5,100.5,0.7,233,228
374,2,363,12,810,100.5,100.5,0.7,223,208
375,2,363,12,815,100.5,100.5,0.7,208,218
376,2,362,12,811,100.5,100.5,0.6,208,223
377,2,362,12,814,100.5,100.5,0.7,228,228
378,2,362,12,811,100.5,100.5,0.7,228,208
379,2,363,12,812,100.5,100.5,0.7,218,228
380,2,362,12,812,100.5,100.5,0.7,218,218
381,2,362,12,812,100.5,100.5,0.6,213,213
382,2,362,12,812,100.5,100.5,0.7,223,223
383,4,362,12,812,100.5,100.5,0.7,223,223
384,2,362,12,810,100.5,100.5,0.7,228,204
385,2,362,12,815,100.5,100.5,0.6,228,204
386,2,362,12,811,100.5,100.5,0.6,223,218
387,2,363,12,815,100.5,100.5,0.6,223,213
388,2,362,12,815,100.5,100.5,0.7,218,213
389,2,362,12,814,100.5,100.5,0.7,223,223
390,2,362,12,814,100.5,100.5,0.6,223,208
391,2,362,12,815,100.5,100.5,0.7,213,208
392,2,362,12,810,100.5,100.5,0.6,213,218
393,2,362,12,815,100.5,100.5,0.7,208,223
394,2,362,12,811,100.5,100.5,0.7,208,204
395,2,362,12,813,100.5,100.5,0.7,208,218
396,2,362,12,812,100.5,100.5,0.7,208,223
397,2,362,12,812,100.5,100.5,0.7,208,199
398,2,362,12,815,100.5,100.5,0.7,223,223
399,2,362,12,812,100.5,100.5,0.7,223,218
400,2,361,12,810,100.5,100.5,0.7,223,204
401,2,362,12,811,100.5,100.5,0.6,199,208
402,2,362,12,811,100.5,100.5,0.7,199,208
403,2,362,12,812,100.5,100.5,0.7,208,199
404,2,362,12,813,100.5,100.5,0.7,208,208
405,2,362,12,811,100.5,100.5,0.7,213,204
406,2,362,12,814,100.5,100.5,0.7,213,208
407,2,362,12,812,100.5,100.5,0.7,213,223
408,2,362,12,812,100.5,100.5,0.7,218,199
409,2,361,12,815,100.5,100.5,0.6,218,213
410,0,362,12,812,100.5,100.5,0.7,218,208
411,2,362,12,814,100.5,100.5,0.7,218,208
412,2,362,12,812,100.5,100.5,0.7,223,218
413,2,361,12,814,100.5,100.5,0.7,223,218
414,0,362,12,812,100.5,100.5,0.6,223,199
415,2,362,12,813,100.5,100.5,0.7,218,204
416,2,361,12,814,100.5,100.5,0.7,218,223
417,2,362,12,810,100.5,100.5,0.7,218,204
418,2,362,12,814,100.5,100.5,0.7,218,204
419,0,362,12,811,100.5,100.5,0.7,208,208
420,0,362,12,812,100.5,100.5,0.7,204,208
421,2,362,12,814,100.5,100.5,0.7,204,208
422,2,362,12,812,100.5,100.5,0.7,223,213
423,2,362,12,813,100.5,100.5,0.7,223,199
424,2,361,12,811,100.5,100.5,0.8,204,218
425,2,362,12,814,100.5,100.5,0.7,204,218
426,2,362,12,812,100.5,100.5,0.7,213,194
427,2,362,12,814,100.5,100.5,0.7,194,208
428,2,361,12,811,100.5,100.5,0.7,194,208
429,2,362,12,814,100.5,100.5,0.6,199,199
430,2,362,12,812,100.5,100.5,0.7,199,194
431,2,362,12,814,100.5,100.5,0.6,204,208
432,2,361,12,814,100.5,100.5,0.7,204,218
433,2,362,12,811,100.5,100.5,0.7,213,204
434,4,362,12,813,100.5,100.5,0.7,218,218
435,2,361,12,810,100.5,100.5,0.6,218,213
436,2,362,12,813,100.5,100.5,0.7,213,204
437,2,362,12,812,100.5,100.5,0.7,213,204
438,2,362,12,813,100.5,100.5,0.7,213,204
439,2,361,12,811,100.5,100.5,0.7,213,218
440,2,362,12,813,100.5,100.5,0.7,199,213
441,2,362,12,811,100.5,100.5,0.7,213,199
442,2,362,12,811,100.5,100.5,0.7,213,199
443,2,361,12,811,100.5,100.5,0.7,199,218
444,2,362,12,814,100.5,100.5,0.7,199,199
445,2,361,12,811,100.5,100.5,0.7,213,199
446,2,362,12,814,100.5,100.5,0.7,213,213
447,2,361,12,812,100.5,100.5,0.7,194,199
448,2,361,12,815,100.5,100.5,0.7,208,208
449,2,361,12,811,100.5,100.5,0.7,208,204
450,2,361,12,813,100.5,100.5,0.7,204,218
451,2,361,12,813,100.5,100.5,0.7,204,194
452,2,361,12,814,100.5,100.5,0.7,199,208
453,2,362,12,813,100.5,100.5,0.7,199,204
454,2,362,12,812,100.5,100.5,0.7,208,218
455,2,361,12,810,100.5,100.5,0.7,204,208
456,2,361,12,809,100.5,100.5,0.7,204,208
457,2,362,12,814,100.5,100.5,0.7,208,204
458,2,362,12,811,100.5,100.5,0.7,208,199
459,2,361,12,814,100.5,100.5,0.7,208,213
460,2,362,12,811,100.5,100.5,0.7,208,208
461,2,362,12,810,100.5,100.5,0.7,199,194
462,2,362,12,810,100.5,100.5,0.7,204,208
463,2,361,12,811,100.5,100.5,0.7,204,194
464,2,362,12,811,100.5,100.5,0.6,204,208
465,2,362,12,814,100.5,100.5,0.7,204,208
466,2,361,12,810,100.5,100.5,0.7,204,204
467,2,362,12,814,100.5,100.5,0.7,204,204
468,2,362,12,814,100.5,100.5,0.7,213,208
469,2,362,12,812,100.5,100.5,0.7,199,194
470,2,362,12,811,100.5,100.5,0.7,199,194
471,2,361,12,810,100.5,100.5,0.7,204,204
472,2,362,12,813,100.5,100.5,0.7,204,199
473,2,362,12,811,100.5,100.5,0.6,213,204
474,2,362,12,815,100.5,100.5,0.7,213,208
475,2,362,12,812,100.5,100.5,0.6,218,204
476,2,362,12,815,100.5,100.5,0.7,213,194
477,2,362,12,811,100.5,100.5,0.6,213,189
478,2,362,12,814,100.5,100.5,0.7,194,204
479,2,361,12,812,100.5,100.5,0.7,194,199
480,2,362,12,814,100.5,100.5,0.7,218,199
481,2,362,12,814,100.5,100.5,0.7,218,213
482,2,362,12,812,100.5,100.5,0.7,213,189
483,2,362,12,812,100.5,100.5,0.7,199,208
484,2,362,12,814,100.5,100.5,0.7,199,199
485,2,362,12,812,100.5,100.5,0.7,204,189
486,2,362,12,815,100.5,100.5,0.7,204,204
487,2,362,12,810,100.5,100.5,0.7,204,204
488,2,362,12,814,100.5,100.5,0.7,204,199
489,2,362,12,813,100.5,100.5,0.7,194,189
490,2,362,12,815,100.5,100.5,0.7,199,204
491,2,362,12,814,100.5,100.5,0.7,199,194
492,2,362,12,811,100.5,100.5,0.7,208,213
493,2,363,12,813,100.5,100.5,0.7,208,213
494,2,362,12,809,100.5,100.5,0.6,208,189
495,2,362,12,814,100.5,100.5,0.6,208,194
496,2,363,12,811,100.5,100.5,0.7,194,208
497,2,362,12,815,100.5,100.5,0.7,199,204
498,2,362,12,812,100.5,100.5,0.7,199,194
499,2,362,12,813,100.5,100.5,0.7,204,199
500,2,362,12,809,100.5,100.5,0.7,204,204
501,2,362,12,814,100.5,100.5,0.7,204,213
502,2,361,12,811,100.5,100.5,0.7,204,204
503,2,362,12,814,100.5,100.5,0.7,213,208
504,2,363,12,814,100.5,100.5,0.7,204,208
505,2,362,12,812,100.5,100.5,0.6,204,208
506,2,362,12,813,100.5,100.5,0.7,199,194
507,0,362,12,812,100.5,100.5,0.8,199,208
508,2,362,12,813,100.5,100.5,0.7,199,199
509,0,363,12,811,100.5,100.5,0.7,199,194
510,2,362,12,814,100.5,100.5,0.7,213,204
511,2,362,12,813,100.5,100.5,0.7,199,204
512,2,363,12,814,100.5,100.5,0.7,199,194
513,2,362,12,813,100.5,100.5,0.7,194,189
514,0,362,12,812,100.5,100.5,0.7,194,208
515,2,362,12,810,100.5,100.5,0.7,218,204
516,2,362,12,813,100.5,100.5,0.7,218,204
517,2,362,12,814,100.5,100.5,0.7,218,213
518,2,362,12,815,100.5,100.5,0.7,208,189
519,2,362,12,810,100.5,100.5,0.7,208,213
520,2,362,12,814,100.5,100.5,0.7,213,208
521,2,362,12,811,100.5,100.5,0.7,213,199
522,2,362,12,814,100.5,100.5,0.7,213,213
523,2,363,12,810,100.5,100.5,0.7,213,194
524,2,363,12,812,100.5,100.5,0.7,213,194
525,0,362,12,810,100.5,100.5,0.6,199,199
526,2,362,12,813,100.5,100.5,0.7,199,208
527,2,363,12,812,100.5,100.5,0.6,194,189
528,2,363,12,812,100.5,100.5,0.6,194,208
529,2,362,12,814,100.5,100.5,0.7,204,208
530,2,362,12,812,100.5,100.5,0.7,204,189
531,2,363,12,813,100.5,100.5,0.7,199,204
532,2,363,12,811,100.5,100.5,0.7,199,213
533,2,362,12,814,100.5,100.5,0.7,218,204
534,2,362,12,812,100.5,100.5,0.7,218,194
535,2,363,12,812,100.5,100.5,0.7,218,213
536,2,362,12,813,100.5,100.5,0.7,218,194
537,2,362,12,812,100.5,100.5,0.7,218,194
538,2,363,12,811,100.5,100.5,0.7,204,208
539,4,363,12,815,100.5,100.5,0.7,204,189
540,2,362,12,814,100.5,100.5,0.7,218,194
541,2,362,12,815,100.5,100.5,0.7,199,208
542,2,362,12,814,100.5,100.5,0.6,199,208
543,2,362,12,814,100.5,100.5,0.6,218,204
544,2,362,12,811,100.5,100.5,0.7,218,204
545,2,362,12,815,100.5,100.5,0.7,199,199
546,2,362,12,811,100.5,100.5,0.7,199,199
547,2,362,12,815,100.5,100.5,0.7,199,199
548,2,362,12,811,100.5,100.5,0.6,199,213
549,2,362,12,814,100.5,100.5,0.6,199,208
550,2,362,12,812,100.5,100.5,0.7,218,194
551,2,363,12,815,100.5,100.5,0.7,218,194
552,2,362,12,814,100.5,100.5,0.7,199,208
553,2,362,12,811,100.5,100.5,0.7,199,189
554,2,362,12,814,100.5,100.5,0.7,213,199
555,2,363,12,813,100.5,100.5,0.7,199,208
556,2,362,12,814,100.5,100.5,0.7,199,189
557,2,362,12,814,100.5,100.5,0.7,218,194
558,2,363,12,813,100.5,100.5,0.7,218,204
559,0,362,12,811,100.5,100.5,0.7,208,199
560,2,362,12,812,100.5,100.5,0.7,208,194
561,2,362,12,811,100.5,100.5,0.7,199,189
562,2,363,12,815,100.5,100.5,0.6,218,204
563,2,362,12,815,100.5,100.5,0.7,218,199
564,2,362,12,814,100.5,100.5,0.6,204,213
565,2,362,12,810,100.5,100.5,0.7,204,213
566,2,363,12,814,100.5,100.5,0.7,204,189
567,2,362,12,811,100.5,100.5,0.7,204,199
568,2,362,12,812,100.5,100.5,0.7,218,199
569,2,363,12,810,100.5,100.5,0.7,213,199
570,2,362,12,812,100.5,100.5,0.7,213,199
571,2,362,12,811,100.5,100.5,0.7,194,189
572,2,362,12,815,100.5,100.5,0.7,194,199
573,2,363,12,811,100.5,100.5,0.7,208,208
574,2,362,12,814,100.5,100.5,0.7,208,213
575,2,362,12,810,100.5,100.5,0.7,199,199
576,2,363,12,811,100.5,100.5,0.7,208,204
577,2,363,12,812,100.5,100.5,0.7,208,204
578,2,363,12,812,100.5,100.5,0.7,194,208
579,2,362,12,812,100.5,100.5,0.7,194,199
580,2,362,12,813,100.5,100.5,0.7,199,213
581,2,363,12,812,100.5,100.5,0.7,199,189
582,2,362,12,812,100.5,100.5,0.7,204,189
583,2,362,12,814,100.5,100.5,0.7,208,204
584,2,362,12,812,100.5,100.5,0.7,208,204
585,2,362,12,815,100.5,100.5,0.7,204,213
586,2,363,12,814,100.5,100.5,0.7,204,199
587,0,362,12,813,100.5,100.5,0.7,204,199
588,2,362,12,811,100.5,100.5,0.7,204,204
589,2,362,12,812,100.5,100.5,0.7,218,189
590,2,362,12,811,100.5,100.5,0.7,199,199
591,2,362,12,815,100.5,100.5,0.7,199,213
592,2,363,12,810,100.5,100.5,0.7,208,189
593,2,362,12,815,100.5,100.5,0.7,208,199
594,2,362,12,811,100.5,100.5,0.7,213,204
595,2,362,12,814,100.5,100.5,0.6,213,189
596,2,362,12,812,100.5,100.5,0.7,218,194
597,2,362,12,813,100.5,100.5,0.7,213,194
598,2,362,12,812,100.5,100.5,0.7,213,204
599,2,362,12,816,100.5,100.5,0.8,213,189
600,2,362,12,815,100.5,100.5,0.7,213,204
601,2,362,12,812,100.5,100.5,0.7,218,204
602,2,362,12,811,100.5,100.5,0.7,218,194
603,0,362,12,812,100.5,100.5,0.7,194,194
604,2,362,12,812,100.5,100.5,0.7,194,189
605,0,362,12,811,100.5,100.5,0.7,194,208
606,2,362,12,814,100.5,100.5,0.7,194,199
607,2,362,12,812,100.5,100.5,0.7,194,208
608,2,363,12,814,100.5,100.5,0.7,218,194
609,2,363,12,814,100.5,100.5,0.7,218,208
610,2,362,12,813,100.5,100.5,0.7,208,204
611,2,362,12,813,100.5,100.5,0.7,199,194
612,0,363,12,814,100.5,100.5,0.6,199,204
613,2,362,12,810,100.5,100.5,0.7,204,189
614,2,362,12,815,100.5,100.5,0.7,204,199
615,2,363,12,811,100.5,100.5,0.7,204,208
616,2,363,12,815,100.5,100.5,0.7,204,204
617,2,362,12,811,100.5,100.5,0.7,218,189
618,2,362,12,813,100.5,100.5,0.7,208,199
619,2,363,12,810,100.5,100.5,0.7,208,208
620,2,362,12,813,100.5,100.5,0.7,208,189
621,2,362,12,811,100.5,100.5,0.7,208,208
622,2,362,12,816,100.5,100.5,0.7,213,208
623,0,363,12,811,100.5,100.5,0.7,213,189
624,2,362,12,812,100.5,100.5,0.8,208,204
625,2,362,12,812,100.5,100.5,0.8,213,194
626,2,362,12,814,100.5,100.5,0.7,213,199
627,2,363,12,815,100.5,100.5,0.7,208,208
628,0,362,12,813,100.5,100.5,0.7,208,204
629,2,362,12,815,100.5,100.5,0.7,213,184
630,2,362,12,813,100.5,100.5,0.7,213,204
631,2,363,12,812,100.5,100.5,0.7,199,199
632,2,362,12,815,100.5,100.5,0.7,204,208
633,2,362,12,812,100.5,100.5,0.7,204,194
634,2,363,12,814,100.5,100.5,0.7,194,204
635,2,362,12,812,100.5,100.5,0.7,194,208
636,2,362,12,810,100.5,100.5,0.7,199,184
637,2,362,12,816,100.5,100.5,0.7,199,194
638,2,362,12,811,100.5,100.5,0.7,199,204
639,2,362,12,813,100.5,100.5,0.7,208,199
640,2,362,12,811,100.5,100.5,0.7,208,194
641,2,362,12,812,100.5,100.5,0.7,189,194
642,2,362,12,810,100.5,100.5,0.7,189,208
643,2,363,12,815,100.5,100.5,0.7,189,184
644,2,362,12,812,100.5,100.5,0.7,189,199
645,2,362,12,815,100.5,100.5,0.7,199,208
646,2,363,12,812,100.5,100.5,0.7,204,204
647,2,362,12,813,100.5,100.5,0.7,204,194
648,2,362,12,814,100.5,100.5,0.7,194,204
649,2,362,12,813,100.5,100.5,0.7,194,204
650,2,362,12,815,100.5,100.5,0.7,199,189
651,2,362,12,812,100.5,100.5,0.7,199,189
652,2,362,12,814,100.5,100.5,0.7,208,194
653,2,362,12,815,100.5,100.5,0.7,194,194
654,2,362,12,815,100.5,100.5,0.7,194,194
655,2,362,12,814,100.5,100.5,0.7,204,189
656,0,362,12,810,100.5,100.5,0.7,204,204
657,2,363,12,814,100.5,100.5,0.6,199,184
658,2,362,12,812,100.5,100.5,0.6,199,204
659,2,362,12,815,100.5,100.5,0.7,199,199
660,2,362,12,816,100.5,100.5,0.7,204,189
661,2,363,12,811,100.5,100.5,0.7,204,189
662,0,363,12,813,100.5,100.5,0.6,204,184
663,2,362,12,812,100.5,100.5,0.7,204,194
664,2,362,12,813,100.5,100.5,0.7,208,194
665,2,363,12,812,100.5,100.5,0.7,208,208
666,2,363,12,814,100.5,100.5,0.6,194,208
667,2,362,12,811,100.5,100.5,0.7,194,184
668,0,362,12,811,100.5,100.5,0.7,194,199
669,2,362,12,812,100.5,100.5,0.6,189,204
670,2,362,12,815,100.5,100.5,0.7,189,189
671,2,362,12,812,100.5,100.5,0.7,189,199
672,2,363,12,815,100.5,100.5,0.7,189,208
673,2,363,12,811,100.5,100.5,0.7,194,208
674,2,362,12,815,100.5,100.5,0.6,213,204
675,2,362,12,813,100.5,100.5,0.7,213,194
676,0,362,12,815,100.5,100.5,0.7,194,204
677,2,362,12,809,100.5,100.5,0.7,194,184
678,2,362,12,814,100.5,100.5,0.7,194,199
679,2,362,12,812,100.5,100.5,0.7,194,194
680,2,362,12,812,100.5,100.5,0.7,208,189
681,2,362,12,814,100.5,100.5,0.7,204,184
682,2,362,12,811,100.5,100.5,0.7,204,184
683,2,362,12,809,100.5,100.5,0.6,194,189
684,2,362,12,811,100.5,100.5,0.7,194,189
685,2,362,12,814,100.5,100.5,0.7,184,189
686,2,362,12,813,100.5,100.5,0.7,184,194
687,2,362,12,815,100.5,100.5,0.6,204,189
688,2,362,12,812,100.5,100.5,0.6,208,189
689,2,362,12,815,100.5,100.5,0.7,208,194
690,0,362,12,812,100.5,100.5,0.7,208,184
691,2,362,12,815,100.5,100.5,0.7,208,189
692,0,363,12,814,100.5,100.5,0.7,194,204
693,2,362,12,811,100.5,100.5,0.7,194,184
694,2,362,12,814,100.5,100.5,0.7,194,189
695,2,362,12,812,100.5,100.5,0.7,204,184
696,0,363,12,812,100.5,100.5,0.7,204,199
697,2,362,12,815,100.5,100.5,0.7,184,184
698,2,362,12,810,100.5,100.5,0.7,184,194
699,2,362,12,814,100.5,100.5,0.7,208,204
700,2,362,12,809,100.5,100.5,0.8,208,199
701,2,362,12,814,100.5,100.5,0.7,204,189
702,2,362,12,812,100.5,100.5,0.7,189,204
703,2,363,12,815,100.5,100.5,0.7,189,184
704,2,362,12,814,100.5,100.5,0.7,189,184
705,2,362,12,814,100.5,100.5,0.7,189,199
706,2,363,12,811,100.5,100.5,0.7,184,184
707,2,362,12,815,100.5,100.5,0.7,184,189
708,2,362,12,815,100.5,100.5,0.7,194,204
709,2,362,12,812,100.5,100.5,0.7,189,204
710,2,362,12,815,100.5,100.5,0.7,189,184
711,2,362,12,812,100.5,100.5,0.7,194,189
712,2,361,12,812,100.5,100.5,0.7,194,179
713,2,362,12,814,100.5,100.5,0.7,194,194
714,2,363,12,812,100.5,100.5,0.7,194,204
715,2,362,12,814,100.5,100.5,0.7,184,184
716,2,362,12,811,100.5,100.5,0.7,199,194
717,2,362,12,815,100.5,100.5,0.7,199,189
718,2,362,12,814,100.5,100.5,0.7,194,199
719,2,362,12,813,100.5,100.5,0.7,194,194
720,0,362,12,814,100.5,100.5,0.7,204,204
721,2,362,12,811,100.5,100.5,0.7,204,204
722,2,362,12,814,100.5,100.5,0.7,189,184
723,0,363,12,812,100.5,100.5,0.7,189,184
724,0,362,12,812,100.5,100.5,0.6,189,189
725,2,363,12,813,100.5,100.5,0.7,189,189
726,2,363,12,812,100.5,100.5,0.7,189,204
727,2,362,12,812,100.5,100.5,0.6,184,189
728,2,363,12,814,100.5,100.5,0.7,184,199
729,2,363,12,812,100.5,100.5,0.7,204,199
730,0,362,12,815,100.5,100.5,0.7,189,199
731,2,362,12,811,100.5,100.5,0.7,189,204
732,2,362,12,814,100.5,100.5,0.7,204,194
733,2,362,12,813,100.5,100.5,0.7,204,194
734,2,363,12,814,100.5,100.5,0.6,189,199
735,2,362,12,811,100.5,100.5,0.6,189,199
736,2,362,12,810,100.5,100.5,0.7,204,204
737,2,363,12,811,100.5,100.5,0.7,199,184
738,2,362,12,809,100.5,100.5,0.7,199,184
739,2,361,12,814,100.5,100.5,0.7,194,199
740,2,362,12,814,100.5,100.5,0.7,194,204
741,2,362,12,814,100.5,100.5,0.7,184,184
742,2,362,12,812,100.5,100.5,0.7,184,199
743,2,362,12,811,100.5,100.5,0.8,184,199
744,2,363,12,811,100.5,100.5,0.6,204,184
745,2,363,12,813,100.5,100.5,0.7,204,184
746,2,362,12,812,100.5,100.5,0.7,184,184
747,0,362,12,813,100.5,100.5,0.7,184,194
748,2,363,12,812,100.5,100.5,0.7,194,199
749,2,363,12,813,100.5,100.5,0.7,194,194
750,2,362,12,812,100.5,100.5,0.7,194,189
751,2,362,12,815,100.5,100.5,0.7,194,189
752,2,363,12,814,100.5,100.5,0.7,194,204
753,0,362,12,814,100.5,100.5,0.7,179,199
754,0,362,12,812,100.5,100.5,0.8,179,184
755,2,362,12,814,100.5,100.5,0.7,204,199
756,2,362,12,813,100.5,100.5,0.7,204,189
757,2,363,12,814,100.5,100.5,0.7,199,189
758,2,362,12,811,100.5,100.5,0.7,204,194
759,2,362,12,812,100.5,100.5,0.7,204,204
760,2,362,12,811,100.5,100.5,0.7,199,179
761,2,362,12,814,100.5,100.5,0.7,199,199
762,2,362,12,813,100.5,100.5,0.7,199,189
763,2,362,12,812,100.5,100.5,0.7,199,189
764,2,362,12,812,100.5,100.5,0.7,189,179
765,2,362,12,814,100.5,100.5,0.7,184,194
766,2,362,12,811,100.5,100.5,0.7,184,189
767,2,363,12,816,100.5,100.5,0.7,184,184
768,2,362,12,815,100.5,100.5,0.7,184,204
769,2,362,12,813,100.5,100.5,0.7,199,204
770,2,362,12,813,100.5,100.5,0.7,189,204
771,2,362,12,810,100.5,100.5,0.7,189,194
772,2,362,12,812,100.5,100.5,0.6,179,184
773,2,362,12,812,100.5,100.5,0.7,179,189
774,2,362,12,815,100.5,100.5,0.7,189,204
775,2,363,12,815,100.5,100.5,0.6,189,179
776,2,362,12,811,100.5,100.5,0.7,194,189
777,2,362,12,816,100.5,100.5,0.7,184,184
778,2,363,12,813,100.5,100.5,0.7,184,189
779,2,362,12,814,100.5,100.5,0.7,199,184
780,2,362,12,814,100.5,100.5,0.7,199,189
781,0,362,12,811,100.5,100.5,0.7,184,189
782,2,362,12,815,100.5,100.5,0.7,184,184
783,2,363,12,813,100.5,100.5,0.6,189,179
784,0,362,12,816,100.5,100.5,0.7,194,179
785,2,362,12,812,100.5,100.5,0.7,194,194
786,2,362,12,811,100.5,100.5,0.7,194,189
787,0,362,12,813,100.5,100.5,0.7,194,184
788,0,362,12,813,100.5,100.5,0.7,184,199
789,0,362,12,813,100.5,100.5,0.7,184,189
790,2,362,12,815,100.5,100.5,0.7,189,204
791,2,362,12,812,100.5,100.5,0.7,189,179
792,2,362,12,812,100.5,100.5,0.7,189,204
793,2,362,12,811,100.5,100.5,0.7,189,189
794,2,362,12,815,100.5,100.5,0.7,189,204
795,2,362,12,811,100.5,100.5,0.7,194,179
796,2,362,12,814,100.5,100.5,0.7,194,179
797,2,363,12,811,100.5,100.5,0.6,189,199
798,2,362,12,816,100.5,100.5,0.7,189,189
799,2,362,12,814,100.5,100.5,0.7,189,189
800,2,362,12,815,100.5,100.5,0.7,199,179
801,2,363,12,812,100.5,100.5,0.7,199,199
802,2,362,12,813,100.5,100.5,0.7,194,194
803,2,362,12,811,100.5,100.5,0.7,194,184
804,0,362,12,812,100.5,100.5,0.7,194,199
805,2,362,12,815,100.5,100.5,0.7,184,179
806,2,362,12,815,100.5,100.5,0.5,184,184
807,2,362,12,812,100.5,100.5,0.7,189,189
808,2,362,12,812,100.5,100.5,0.7,189,204
809,2,362,12,812,100.5,100.5,0.7,199,194
810,0,362,12,813,100.5,100.5,0.7,199,179
811,2,362,12,815,100.5,100.5,0.7,194,194
812,2,362,12,815,100.5,100.5,0.7,179,189
813,2,362,12,815,100.5,100.5,0.7,179,204
814,2,363,12,814,100.5,100.5,0.7,184,194
815,2,362,12,811,100.5,100.5,0.7,184,194
816,2,363,12,811,100.5,100.5,0.7,189,184
817,2,363,12,814,100.5,100.5,0.7,194,199
818,2,362,12,814,100.5,100.5,0.7,194,194
819,2,362,12,816,100.5,100.5,0.7,199,184
820,2,363,12,812,100.5,100.5,0.7,199,189
821,2,362,12,814,100.5,100.5,0.7,204,199
822,2,362,12,811,100.5,100.5,0.7,204,179
823,2,363,12,813,100.5,100.5,0.7,184,199
824,2,363,12,811,100.5,100.5,0.7,184,204
825,2,362,12,811,100.5,100.5,0.7,184,194
826,0,362,12,813,100.5,100.5,0.7,184,179
827,2,362,12,815,100.5,100.5,0.7,184,199
828,2,362,12,812,100.5,100.5,0.7,179,184
829,2,362,12,814,100.5,100.5,0.7,179,189
830,2,362,12,810,100.5,100.5,0.7,199,189
831,0,362,6,815,100.5,100.5,0.7,199,189
832,2,362,0,764,100.5,100.5,0.7,199,189
833,2,358,0,718,100.5,100.5,0.6,184,204
834,2,355,0,683,100.5,100.5,0.7,184,179
835,2,352,0,652,100.5,100.5,0.7,179,189
836,2,348,0,622,100.5,100.5,0.7,179,179
837,2,345,0,629,100.5,100.5,0.7,194,174
838,2,343,0,650,100.5,100.5,0.7,179,179
839,2,343,0,652,100.5,100.5,0.7,179,179
840,2,342,0,653,100.5,100.5,0.7,189,194
841,0,342,0,655,100.5,100.5,0.7,189,194
842,0,342,0,652,100.5,100.5,0.7,179,169
843,2,342,0,651,100.5,100.5,0.7,179,184
844,0,341,0,650,100.5,100.5,0.7,174,169
845,2,341,0,650,100.5,100.5,0.7,179,174
846,0,340,0,649,100.5,100.5,0.7,179,184
847,0,341,0,652,100.5,100.5,0.7,174,169
848,2,340,0,651,100.5,100.5,0.7,174,184
849,2,340,0,651,100.5,100.5,0.7,179,184
850,0,342,12,730,100.5,100.5,0.7,179,164
851,0,346,12,800,100.5,100.5,0.7,164,174
852,0,352,12,840,100.5,100.5,0.7,179,184
853,0,355,12,836,100.5,100.5,0.7,179,194
854,0,358,12,823,100.5,100.5,0.7,164,179
855,0,359,12,812,100.5,100.5,0.7,164,194
856,0,360,12,812,100.5,100.5,0.7,179,194
857,0,360,12,814,100.5,100.5,0.7,179,194
858,0,361,13,814,100.5,100.5,0.6,179,174
859,2,362,12,816,100.5,100.5,0.7,169,184
860,0,362,12,813,100.5,100.5,0.7,169,179
861,2,363,12,815,100.5,100.5,0.7,189,179
862,2,363,13,812,100.5,100.5,0.7,189,184
863,2,362,12,813,100.5,100.5,0.7,169,194
864,0,362,12,813,100.5,100.5,0.7,169,174
865,2,362,12,810,100.5,100.5,0.7,184,174
866,2,362,12,814,100.5,100.5,0.7,184,174
867,0,362,12,814,100.5,100.5,0.7,184,189
868,0,362,12,815,100.5,100.5,0.7,179,184
869,2,362,12,814,100.5,100.5,0.7,179,179
870,0,362,12,813,100.5,100.5,0.7,189,199
871,2,362,12,811,100.5,100.5,0.7,189,174
872,2,362,12,814,100.5,100.5,0.7,179,184
873,2,362,12,812,100.5,100.5,0.7,184,179
874,0,362,12,812,100.5,100.5,0.7,184,189
875,0,362,12,815,100.5,100.5,0.7,174,189
876,0,363,12,812,100.5,100.5,0.7,174,194
877,2,362,12,816,100.5,100.5,0.7,189,179
878,0,362,12,814,100.5,100.5,0.7,189,184
879,0,362,12,815,100.5,100.5,0.7,174,189
880,2,362,12,814,100.5,100.5,0.7,169,189
881,0,362,12,813,100.5,100.5,0.7,169,189
882,0,362,12,812,100.5,100.5,0.7,189,179
883,2,362,12,816,100.5,100.5,0.8,189,184
884,0,362,12,813,100.5,100.5,0.7,194,184
885,2,362,12,817,100.5,100.5,0.7,194,194
886,2,362,12,811,100.5,100.5,0.7,179,199
887,2,363,12,815,100.5,100.5,0.7,189,189
888,2,362,13,817,100.5,100.5,0.7,189,179
889,0,362,12,816,100.5,100.5,0.7,179,199
890,0,363,12,814,100.5,100.5,0.7,179,174
891,0,362,12,814,100.5,100.5,0.7,169,179
892,2,362,12,814,100.5,100.5,0.7,169,184
893,2,362,12,814,100.5,100.5,0.7,194,184
894,2,362,12,813,100.5,100.5,0.7,174,189
895,2,362,12,812,100.5,100.5,0.7,174,174
896,2,362,12,814,100.5,100.5,0.7,179,184
897,2,363,12,816,100.5,100.5,0.7,179,179
898,2,362,12,814,100.5,100.5,0.8,184,189
899,0,362,12,815,100.5,100.5,0.7,184,189
900,2,362,12,814,100.5,100.5,0.7,184,199
901,2,362,12,812,100.5,100.5,0.7,179,179
902,2,362,13,816,100.5,100.5,0.7,179,184
903,0,362,12,814,100.5,100.5,0.7,194,184
904,2,363,12,812,100.5,100.5,0.6,194,184
905,0,362,12,816,100.5,100.5,0.7,174,184
906,0,362,12,812,100.5,100.5,0.7,174,184
907,0,362,12,814,100.5,100.5,0.6,189,184
908,0,362,12,812,100.5,100.5,0.7,199,189
909,2,362,12,811,100.5,100.5,0.7,199,179
910,2,362,12,816,100.5,100.5,0.7,174,179
911,0,362,12,814,100.5,100.5,0.7,174,194
912,0,362,13,816,100.5,100.5,0.7,189,179
913,2,362,12,813,100.5,100.5,0.6,189,184
914,2,362,12,815,100.5,100.5,0.7,189,189
915,2,362,12,814,100.5,100.5,0.7,174,179
916,2,362,12,816,100.5,100.5,0.6,174,199
917,2,362,12,816,100.5,100.5,0.7,184,199
918,0,362,12,814,100.5,100.5,0.7,184,179
919,2,363,12,812,100.5,100.5,0.7,179,179
920,2,362,12,816,100.5,100.5,0.6,179,184
921,2,362,12,813,100.5,100.5,0.7,174,184
922,2,363,12,814,100.5,100.5,0.6,179,199
923,0,362,12,815,100.5,100.5,0.7,179,184
924,0,362,12,814,100.5,100.5,0.7,184,189
925,2,362,12,813,100.5,100.5,0.6,184,179
926,2,362,12,816,100.5,100.5,0.6,174,199
927,2,362,12,812,100.5,100.5,0.7,174,179
928,2,363,12,815,100.5,100.5,0.7,174,179
929,2,363,12,810,100.5,100.5,0.6,174,199
930,2,362,12,812,100.5,100.5,0.7,174,184
931,2,362,12,813,100.5,100.5,0.7,174,174
932,2,363,12,815,100.5,100.5,0.6,174,184
933,2,362,12,813,100.5,100.5,0.7,179,184
934,2,362,12,815,100.5,100.5,0.7,179,189
935,2,363,12,811,100.5,100.5,0.7,179,189
936,0,363,12,814,100.5,100.5,0.7,184,199
937,0,362,12,815,100.5,100.5,0.7,184,179
938,2,362,12,815,100.5,100.5,0.6,194,199
939,2,363,12,814,100.5,100.5,0.7,194,179
940,2,362,12,816,100.5,100.5,0.7,184,179
941,2,362,12,814,100.5,100.5,0.7,184,189
942,0,362,12,815,100.5,100.5,0.7,169,179
943,2,362,12,812,100.5,100.5,0.8,184,194
944,2,362,12,814,100.5,100.5,0.7,184,189
945,2,363,12,813,100.5,100.5,0.8,189,194
946,2,363,12,816,100.5,100.5,0.7,189,179
947,2,362,12,814,100.5,100.5,0.7,184,199
948,0,362,12,816,100.5,100.5,0.7,184,194
949,2,362,12,813,100.5,100.5,0.7,184,174
950,0,363,12,812,100.5,100.5,0.7,189,184
951,2,362,13,815,100.5,100.5,0.7,189,189
952,2,362,12,814,100.5,100.5,0.7,194,199
953,2,362,12,812,100.5,100.5,0.7,194,194
954,2,362,12,817,100.5,100.5,0.7,184,184
955,0,362,12,813,100.5,100.5,0.6,184,189
956,0,362,12,815,100.5,100.5,0.6,179,189
957,0,362,12,813,100.5,100.5,0.7,189,194
958,2,362,12,814,100.5,100.5,0.7,189,179
959,2,362,12,816,100.5,100.5,0.7,184,199
960,2,363,12,814,100.5,100.5,0.7,184,184
961,0,362,12,815,100.5,100.5,0.7,189,184
962,0,362,13,814,100.5,100.5,0.7,189,184
963,2,363,12,814,100.5,100.5,0.7,189,194
964,2,362,12,815,100.5,100.5,0.7,179,194
965,0,362,12,815,100.5,100.5,0.7,179,184
966,2,362,12,816,100.5,100.5,0.7,189,179
967,0,363,12,817,100.5,100.5,0.7,189,194
968,2,362,12,811,100.5,100.5,0.7,184,184
969,2,362,12,816,100.5,100.5,0.7,184,184
970,0,362,12,811,100.5,100.5,0.7,189,199
971,2,362,12,814,100.5,100.5,0.7,174,184
972,0,362,12,812,100.5,100.5,0.6,174,179
973,0,362,12,814,100.5,100.5,0.7,179,199
974,0,363,12,812,100.5,100.5,0.7,179,184
975,2,362,12,816,100.5,100.5,0.7,174,199
976,0,362,12,816,100.5,100.5,0.7,174,199
977,2,362,12,814,100.5,100.5,0.7,174,189
978,2,362,12,813,100.5,100.5,0.7,174,189
979,2,362,13,812,100.5,100.5,0.7,174,179
980,0,361,12,812,100.5,100.5,0.7,174,184
981,2,362,12,815,100.5,100.5,0.7,174,179
982,2,362,12,813,100.5,100.5,0.7,184,174
983,2,362,12,816,100.5,100.5,0.7,184,174
984,2,362,12,814,100.5,100.5,0.7,194,179
985,0,362,12,815,100.5,100.5,0.7,174,199
986,2,362,12,814,100.5,100.5,0.8,174,184
987,2,362,12,814,100.5,100.5,0.8,189,189
988,0,363,12,811,100.5,100.5,0.7,189,179
989,2,362,12,816,100.5,100.5,0.7,189,184
990,2,362,12,813,100.5,100.5,0.7,189,184
991,0,362,12,814,100.5,100.5,0.7,179,179
992,0,362,12,813,100.5,100.5,0.7,174,184
993,2,362,12,814,100.5,100.5,0.7,174,174
994,2,362,12,812,100.5,100.5,0.7,179,174
995,2,362,12,816,100.5,100.5,0.6,179,174
996,2,362,12,814,100.5,100.5,0.7,184,194
997,2,362,12,816,100.5,100.5,0.6,184,199
998,2,362,13,812,100.5,100.5,0.7,179,189
999,0,362,12,813,100.5,100.5,0.7,174,189
1000,2,362,12,816,100.5,100.5,0.7,174,179
1001,2,362,12,816,100.5,100.5,0.7,184,184
1002,2,362,12,812,100.5,100.5,0.6,184,184
1003,0,362,13,815,100.5,100.5,0.7,189,174
1004,0,362,12,811,100.5,100.5,0.7,189,179
1005,2,362,12,816,100.5,100.5,0.7,194,174
1006,2,363,12,812,100.5,100.5,0.7,189,184
1007,2,362,12,810,100.5,100.5,0.6,189,189
1008,2,362,12,812,100.5,100.5,0.6,184,199
1009,0,362,12,814,100.5,100.5,0.7,184,174
1010,2,362,12,814,100.5,100.5,0.7,189,194
1011,2,362,12,816,100.5,100.5,0.7,189,184
1012,2,362,13,814,100.5,100.5,0.7,169,194
1013,0,362,12,815,100.5,100.5,0.7,174,189
1014,0,362,12,814,100.5,100.5,0.7,174,174
1015,2,362,12,816,100.5,100.5,0.7,189,189
1016,2,362,12,813,100.5,100.5,0.7,189,189
1017,0,362,12,815,100.5,100.5,0.7,179,194
1018,0,362,12,814,100.5,100.5,0.6,179,179
1019,2,362,12,814,100.5,100.5,0.7,179,199
1020,2,363,12,813,100.5,100.5,0.7,174,189
1021,2,362,12,816,100.5,100.5,0.7,174,199
1022,0,362,12,815,100.5,100.5,0.7,184,179
1023,2,363,12,811,100.5,100.5,0.7,184,194
1024,2,363,12,812,100.5,100.5,0.7,189,194
1025,2,362,13,816,100.5,100.5,0.7,189,199
1026,2,362,12,814,100.5,100.5,0.7,174,184
1027,2,363,12,814,100.5,100.5,0.6,184,194
1028,0,362,12,815,100.5,100.5,0.7,184,189
1029,0,362,12,811,100.5,100.5,0.7,189,199
1030,0,363,12,812,100.5,100.5,0.7,189,189
1031,2,362,12,813,100.5,100.5,0.7,189,189
1032,2,362,12,815,100.5,100.5,0.7,189,174
1033,2,362,12,813,100.5,100.5,0.7,184,189
1034,0,362,12,815,100.5,100.5,0.7,174,179
1035,0,362,12,814,100.5,100.5,0.7,174,179
1036,0,362,12,812,100.5,100.5,0.7,179,184
1037,2,362,12,815,100.5,100.5,0.7,179,189
1038,2,363,12,813,100.5,100.5,0.7,169,184
1039,0,362,12,815,100.5,100.5,0.7,169,179
1040,2,362,12,813,100.5,100.5,0.7,174,189
1041,2,363,12,814,100.5,100.5,0.7,169,199
1042,2,362,12,815,100.5,100.5,0.7,169,189
1043,2,362,12,812,100.5,100.5,0.7,169,174
1044,2,362,13,814,100.5,100.5,0.6,169,184
1045,2,363,13,812,100.5,100.5,0.7,174,199
1046,0,362,12,815,100.5,100.5,0.7,174,179
1047,0,362,12,814,100.5,100.5,0.7,194,199
1048,0,363,13,814,100.5,100.5,0.7,189,194
1049,0,362,12,816,100.5,100.5,0.7,189,174
1050,2,362,12,812,100.5,100.5,0.7,189,184
1051,2,362,12,812,100.5,100.5,0.7,189,179
1052,2,363,12,814,100.5,100.5,0.7,184,194
1053,0,362,12,812,100.5,100.5,0.7,184,189
1054,2,362,12,816,100.5,100.5,0.7,179,174
1055,0,362,12,812,100.5,100.5,0.7,179,199
1056,2,362,13,815,100.5,100.5,0.7,184,179
1057,0,362,12,812,100.5,100.5,0.7,194,199
1058,2,362,12,811,100.5,100.5,0.6,194,184
1059,2,363,12,813,100.5,100.5,0.7,174,189
1060,2,362,12,815,100.5,100.5,0.7,174,179
1061,2,362,12,813,100.5,100.5,0.6,189,184
1062,2,363,12,815,100.5,100.5,0.7,189,179
1063,2,362,12,810,100.5,100.5,0.6,184,179
1064,2,362,12,815,100.5,100.5,0.7,189,179
1065,0,362,12,815,100.5,100.5,0.7,189,174
1066,2,363,12,815,100.5,100.5,0.6,194,174
1067,2,362,12,814,100.5,100.5,0.7,194,174
1068,2,362,12,814,100.5,100.5,0.7,169,189
1069,2,362,12,814,100.5,100.5,0.7,169,194
1070,2,363,12,814,100.5,100.5,0.7,174,189
1071,2,362,12,812,100.5,100.5,0.7,194,194
1072,0,362,12,814,100.5,100.5,0.6,194,174
1073,0,363,12,813,100.5,100.5,0.7,194,179
1074,2,362,12,813,100.5,100.5,0.7,194,189
1075,2,362,12,813,100.5,100.5,0.7,184,184
1076,2,363,12,816,100.5,100.5,0.6,184,179
1077,2,362,12,813,100.5,100.5,0.7,184,174
1078,2,362,12,813,100.5,100.5,0.7,179,179
1079,2,362,12,815,100.5,100.5,0.6,179,189
1080,0,363,12,814,100.5,100.5,0.7,189,199
1081,2,362,12,813,100.5,100.5,0.7,189,174
1082,0,362,12,815,100.5,100.5,0.7,179,194
1083,2,363,12,814,100.5,100.5,0.7,179,174
1084,0,363,12,812,100.5,100.5,0.7,169,174
1085,0,362,13,816,100.5,100.5,0.7,194,179
1086,2,363,12,815,100.5,100.5,0.7,194,174
1087,2,363,12,815,100.5,100.5,0.7,184,199
1088,2,362,13,814,100.5,100.5,0.7,184,194
1089,2,362,12,813,100.5,100.5,0.7,179,194
1090,0,363,12,816,100.5,100.5,0.7,179,179
1091,0,363,12,812,100.5,100.5,0.7,194,189
1092,0,362,12,816,100.5,100.5,0.7,189,199
1093,2,363,12,813,100.5,100.5,0.7,189,194
1094,2,363,12,812,100.5,100.5,0.7,184,184
1095,2,362,12,816,100.5,100.5,0.7,184,174
1096,0,362,12,814,100.5,100.5,0.7,169,194
1097,0,363,12,816,100.5,100.5,0.7,169,199
1098,2,363,13,812,100.5,100.5,0.7,189,189
1099,2,362,12,814,100.5,100.5,0.6,179,189
1100,2,363,12,813,100.5,100.5,0.7,179,179
1101,2,363,12,814,100.5,100.5,0.7,179,174
1102,0,362,12,816,100.5,100.5,0.6,179,194
1103,0,362,12,815,100.5,100.5,0.6,189,194
1104,2,363,13,811,100.5,100.5,0.7,189,189
1105,2,363,12,816,100.5,100.5,0.7,184,179
1106,2,362,13,813,100.5,100.5,0.7,174,194
1107,0,362,12,812,100.5,100.5,0.7,174,179
1108,0,362,12,813,100.5,100.5,0.7,169,179
1109,2,363,12,815,100.5,100.5,0.7,169,194
1110,0,362,12,813,100.5,100.5,0.7,189,174
1111,2,363,12,816,100.5,100.5,0.7,189,174
1112,2,363,12,813,100.5,100.5,0.6,189,174
1113,2,363,12,816,100.5,100.5,0.7,189,184
1114,2,363,12,812,100.5,100.5,0.6,189,174
1115,0,363,12,815,100.5,100.5,0.6,194,179
1116,0,363,12,810,100.5,100.5,0.7,194,194
1117,2,362,12,815,100.5,100.5,0.7,179,179
1118,2,363,12,812,100.5,100.5,0.6,179,194
1119,0,363,12,814,100.5,100.5,0.7,174,179
1120,0,362,12,811,100.5,100.5,0.7,174,174
1121,2,362,12,814,100.5,100.5,0.7,189,179
1122,2,363,12,813,100.5,100.5,0.7,174,184
1123,0,363,12,814,100.5,100.5,0.7,174,179
1124,2,363,12,814,100.5,100.5,0.7,184,189
1125,2,363,12,815,100.5,100.5,0.7,184,189
1126,0,363,12,814,100.5,100.5,0.7,179,194
1127,2,362,12,814,100.5,100.5,0.7,179,194
1128,2,362,12,814,100.5,100.5,0.7,174,194
1129,2,363,12,814,100.5,100.5,0.6,174,179
1130,2,363,12,814,100.5,100.5,0.5,174,199
1131,2,362,12,815,100.5,100.5,0.7,189,179
1132,0,363,12,812,100.5,100.5,0.7,189,194
1133,2,363,12,816,100.5,100.5,0.7,189,194
1134,2,362,12,814,100.5,100.5,0.7,189,184
1135,2,362,12,814,100.5,100.5,0.7,199,194
1136,2,363,12,811,100.5,100.5,0.6,174,189
1137,2,363,12,813,100.5,100.5,0.7,174,199
1138,2,362,13,812,100.5,100.5,0.7,179,199
1139,2,362,12,816,100.5,100.5,0.7,179,199
1140,0,363,12,812,100.5,100.5,0.6,194,174
1141,2,363,12,816,100.5,100.5,0.7,194,184
1142,2,362,12,814,100.5,100.5,0.7,194,179
1143,0,362,12,816,100.5,100.5,0.7,189,194
1144,2,362,13,816,100.5,100.5,0.7,189,189
1145,2,362,12,815,100.5,100.5,0.7,179,174
1146,2,362,12,816,100.5,100.5,0.7,179,179
1147,2,362,13,814,100.5,100.5,0.7,184,194
1148,2,362,12,812,100.5,100.5,0.7,184,174
1149,2,362,12,815,100.5,100.5,0.7,179,184
1150,2,362,13,812,100.5,100.5,0.7,174,179
1151,0,363,12,812,100.5,100.5,0.7,174,189
1152,2,362,12,813,100.5,100.5,0.6,179,199
1153,2,362,12,816,100.5,100.5,0.7,179,179
1154,2,362,12,814,100.5,100.5,0.7,184,199
1155,2,362,12,814,100.5,100.5,0.7,184,174
1156,0,362,12,815,100.5,100.5,0.7,199,174
1157,2,362,12,811,100.5,100.5,0.8,179,174
1158,2,362,12,812,100.5,100.5,0.7,179,179
1159,2,362,12,812,100.5,100.5,0.7,194,199
1160,2,362,12,814,100.5,100.5,0.7,194,189
1161,2,363,12,815,100.5,100.5,0.7,194,194
1162,2,362,12,814,100.5,100.5,0.7,194,179
1163,0,362,12,815,100.5,100.5,0.7,184,199
1164,0,362,12,814,100.5,100.5,0.7,199,199
1165,2,363,12,816,100.5,100.5,0.7,199,194
1166,2,362,12,815,100.5,100.5,0.7,194,184
1167,2,362,12,812,100.5,100.5,0.7,194,179
1168,2,363,12,815,100.5,100.5,0.7,184,194
1169,0,362,12,812,100.5,100.5,0.6,184,189
1170,2,362,12,815,100.5,100.5,0.7,194,184
1171,2,362,12,810,100.5,100.5,0.7,179,194
1172,0,363,13,815,100.5,100.5,0.7,179,179
1173,2,362,12,814,100.5,100.5,0.6,174,189
1174,0,362,12,814,100.5,100.5,0.7,174,194
1175,0,363,12,814,100.5,100.5,0.7,194,199
1176,0,362,12,816,100.5,100.5,0.7,194,189
1177,0,362,12,813,100.5,100.5,0.7,184,179
1178,2,363,12,814,100.5,100.5,0.7,184,194
1179,2,363,12,816,100.5,100.5,0.6,184,174
1180,2,363,12,814,100.5,100.5,0.7,199,174
1181,0,362,12,815,100.5,100.5,0.7,199,199
1182,2,362,12,817,100.5,100.5,0.7,194,184
1183,2,363,12,813,100.5,100.5,0.7,194,179
1184,0,362,12,816,100.5,100.5,0.7,194,174
1185,2,363,12,812,100.5,100.5,0.7,194,184
1186,2,363,12,811,100.5,100.5,0.7,194,174
1187,0,362,12,811,100.5,100.5,0.7,199,179
1188,0,362,12,815,100.5,100.5,0.6,199,199
1189,2,363,12,811,100.5,100.5,0.7,189,174
1190,2,362,12,817,100.5,100.5,0.7,189,194
1191,2,362,13,813,100.5,100.5,0.7,179,174
1192,2,362,12,817,100.5,100.5,0.6,174,174
1193,2,363,12,817,100.5,100.5,0.6,174,189
1194,2,362,12,815,100.5,100.5,0.7,199,189
1195,2,362,12,814,100.5,100.5,0.7,199,189
1196,2,363,13,816,100.5,100.5,0.7,189,194
1197,2,363,12,813,100.5,100.5,0.7,189,194
1198,2,362,12,814,100.5,100.5,0.7,189,194
1199,2,362,12,811,100.5,100.5,0.7,184,179
1200,2,363,12,812,100.5,100.5,0.7,184,194
1201,0,362,12,813,100.5,100.5,0.7,189,184
1202,2,362,12,816,100.5,100.5,0.7,189,189
1203,2,363,12,812,100.5,100.5,0.7,179,174
1204,2,362,12,815,100.5,100.5,0.7,189,199
1205,2,362,12,815,100.5,100.5,0.7,189,194
1206,2,362,12,815,100.5,100.5,0.7,179,194
1207,2,363,12,815,100.5,100.5,0.6,179,184
1208,0,362,12,814,100.5,100.5,0.7,189,189
1209,0,362,12,813,100.5,100.5,0.7,189,189
1210,2,362,12,816,100.5,100.5,0.7,189,184
1211,2,362,12,814,100.5,100.5,0.7,184,199
1212,2,362,12,811,100.5,100.5,0.6,184,199
1213,2,362,12,814,100.5,100.5,0.7,194,184
1214,0,362,12,812,100.5,100.5,0.7,194,199
1215,2,362,12,814,100.5,100.5,0.7,189,189
1216,2,362,12,813,100.5,100.5,0.7,189,189
1217,2,362,12,816,100.5,100.5,0.7,189,179
1218,0,362,12,812,100.5,100.5,0.7,194,174
1219,0,362,12,811,100.5,100.5,0.7,194,179
1220,2,362,12,815,100.5,100.5,0.7,184,179
1221,0,363,12,813,100.5,100.5,0.7,184,194
1222,2,362,12,816,100.5,100.5,0.7,194,174
1223,2,362,13,813,100.5,100.5,0.6,184,179
1224,2,363,12,812,100.5,100.5,0.6,184,199
1225,0,362,12,813,100.5,100.5,0.7,189,174
1226,2,362,13,814,100.5,100.5,0.7,189,199
1227,2,362,12,815,100.5,100.5,0.7,179,174
1228,2,363,12,814,100.5,100.5,0.7,179,179
1229,2,362,12,815,100.5,100.5,0.7,179,174
1230,0,363,12,812,100.5,100.5,0.6,184,189
1231,2,363,12,814,100.5,100.5,0.7,184,189
1232,0,362,12,814,100.5,100.5,0.7,174,194
1233,0,362,12,813,100.5,100.5,0.6,174,189
1234,2,362,12,812,100.5,100.5,0.6,194,184
1235,2,363,12,815,100.5,100.5,0.7,194,199
1236,2,362,12,811,100.5,100.5,0.7,179,194
1237,0,362,12,814,100.5,100.5,0.7,199,174
1238,2,362,13,812,100.5,100.5,0.7,199,184
1239,2,362,13,815,100.5,100.5,0.6,199,184
1240,2,362,12,812,100.5,100.5,0.6,199,194
1241,2,362,12,815,100.5,100.5,0.6,179,184
1242,0,362,12,814,100.5,100.5,0.7,179,189
1243,0,362,13,817,100.5,100.5,0.7,199,194
1244,0,362,12,812,100.5,100.5,0.6,194,189
1245,2,363,12,814,100.5,100.5,0.7,194,189
1246,2,362,12,814,100.5,100.5,0.6,179,194
1247,2,362,12,816,100.5,100.5,0.6,179,194
1248,2,363,12,814,100.5,100.5,0.7,199,179
1249,0,363,12,815,100.5,100.5,0.7,199,179
1250,2,362,12,812,100.5,100.5,0.7,194,174
1251,2,362,13,814,100.5,100.5,0.7,189,189
1252,2,362,12,816,100.5,100.5,0.7,189,194
1253,2,362,12,815,100.5,100.5,0.7,189,189
1254,2,362,12,815,100.5,100.5,0.7,189,189
1255,2,363,12,811,100.5,100.5,0.6,179,194
1256,2,362,12,814,100.5,100.5,0.7,179,194
1257,2,363,12,812,100.5,100.5,0.7,189,194
1258,2,362,12,813,100.5,100.5,0.7,194,194
1259,2,362,12,813,100.5,100.5,0.7,194,189
1260,2,363,12,814,100.5,100.5,0.7,189,179
1261,0,362,12,816,100.5,100.5,0.7,189,184
1262,2,362,12,813,100.5,100.5,0.7,194,199
1263,2,362,12,814,100.5,100.5,0.7,194,179
1264,0,362,12,816,100.5,100.5,0.7,184,199
1265,2,362,12,812,100.5,100.5,0.7,194,199
1266,2,363,13,815,100.5,100.5,0.6,194,189
1267,0,362,12,812,100.5,100.5,0.6,194,174
1268,0,362,12,813,100.5,100.5,0.7,194,174
1269,2,363,12,817,100.5,100.5,0.7,199,189
1270,0,362,12,813,100.5,100.5,0.6,199,199
1271,2,362,13,815,100.5,100.5,0.7,174,179
1272,2,362,12,812,100.5,100.5,0.7,179,199
1273,2,362,12,813,100.5,100.5,0.7,179,184
1274,2,362,12,815,100.5,100.5,0.7,189,194
1275,0,362,12,814,100.5,100.5,0.7,189,184
1276,0,362,12,816,100.5,100.5,0.7,199,179
1277,2,362,12,814,100.5,100.5,0.7,199,179
1278,0,362,12,815,100.5,100.5,0.7,184,199
1279,0,362,12,813,100.5,100.5,0.6,189,174
1280,2,362,12,814,100.5,100.5,0.7,189,179
1281,0,362,12,816,100.5,100.5,0.6,179,174
1282,0,362,12,813,100.5,100.5,0.6,179,184
1283,2,362,12,811,100.5,100.5,0.7,179,189
1284,2,362,12,815,100.5,100.5,0.7,179,189
1285,2,362,12,812,100.5,100.5,0.7,189,179
1286,0,362,12,815,100.5,100.5,0.7,194,199
1287,2,362,13,816,100.5,100.5,0.7,194,189
1288,2,362,12,815,100.5,100.5,0.7,189,194
1289,0,362,12,812,100.5,100.5,0.7,189,179
1290,2,362,12,816,100.5,100.5,0.7,179,194
1291,2,362,12,812,100.5,100.5,0.7,179,194
1292,2,362,13,816,100.5,100.5,0.7,189,174
1293,0,362,12,810,100.5,100.5,0.7,179,194
1294,2,362,12,814,100.5,100.5,0.7,179,184
1295,2,362,13,813,100.5,100.5,0.6,199,174
1296,2,362,12,815,100.5,100.5,0.6,199,189
1297,2,362,12,813,100.5,100.5,0.7,174,194
1298,0,362,12,815,100.5,100.5,0.7,174,184
1299,2,362,12,811,100.5,100.5,0.7,194,189
1300,0,362,12,814,100.5,100.5,0.7,199,194
1301,2,362,12,812,100.5,100.5,0.7,199,189
1302,2,362,12,816,100.5,100.5,0.7,199,179
1303,2,361,12,813,100.5,100.5,0.6,199,174
1304,2,362,12,815,100.5,100.5,0.7,199,174
1305,0,362,12,813,100.5,100.5,0.7,199,184
1306,2,362,12,816,100.5,100.5,0.6,199,179
1307,2,362,12,813,100.5,100.5,0.7,174,199
1308,2,362,12,816,100.5,100.5,0.7,174,179
1309,2,362,12,812,100.5,100.5,0.7,189,199
1310,0,362,12,815,100.5,100.5,0.7,189,194
1311,2,362,12,815,100.5,100.5,0.6,184,184
1312,2,362,12,815,100.5,100.5,0.7,184,179
1313,2,362,12,814,100.5,100.5,0.7,199,184
1314,2,362,12,812,100.5,100.5,0.7,199,194
1315,0,362,12,811,100.5,100.5,0.7,199,174
1316,2,362,12,815,100.5,100.5,0.7,174,199
1317,0,361,12,812,100.5,100.5,0.6,174,174
1318,2,361,12,816,100.5,100.5,0.7,199,189
1319,2,362,12,811,100.5,100.5,0.7,199,189
1320,2,362,12,816,100.5,100.5,0.6,194,189
1321,0,362,12,813,100.5,100.5,0.7,179,179
1322,0,362,12,817,100.5,100.5,0.7,179,184
1323,2,362,12,815,100.5,100.5,0.8,184,194
1324,0,362,13,814,100.5,100.5,0.8,184,199
1325,2,362,12,815,100.5,100.5,0.7,184,199
1326,2,362,13,812,100.5,100.5,0.7,184,184
1327,2,362,12,814,100.5,100.5,0.7,204,194
1328,2,362,12,814,100.5,100.5,0.7,179,189
1329,2,362,12,811,100.5,100.5,0.6,179,184
1330,0,362,12,814,100.5,100.5,0.7,194,189
1331,2,362,12,813,100.5,100.5,0.7,194,179
1332,2,362,12,815,100.5,100.5,0.7,184,194
1333,2,362,12,814,100.5,100.5,0.7,184,184
1334,2,362,12,815,100.5,100.5,0.7,199,199
1335,2,361,12,812,100.5,100.5,0.7,189,179
1336,0,362,12,812,100.5,100.5,0.7,189,179
1337,2,362,12,814,100.5,100.5,0.7,184,194
1338,2,362,12,812,100.5,100.5,0.7,184,184
1339,0,362,12,816,100.5,100.5,0.6,199,189
1340,2,362,12,817,100.5,100.5,0.7,199,184
1341,2,362,12,813,100.5,100.5,0.6,189,189
1342,2,362,12,815,100.5,100.5,0.7,194,189
1343,0,362,12,813,100.5,100.5,0.7,194,174
1344,0,362,12,812,100.5,100.5,0.7,184,184
1345,2,362,12,816,100.5,100.5,0.7,184,189
1346,0,362,12,812,100.5,100.5,0.7,204,184
1347,0,362,12,817,100.5,100.5,0.6,204,179
1348,0,362,12,812,100.5,100.5,0.6,179,194
1349,0,362,12,816,100.5,100.5,0.7,199,194
1350,2,362,12,813,100.5,100.5,0.6,199,189
1351,2,363,12,815,100.5,100.5,0.7,189,179
1352,2,362,12,812,100.5,100.5,0.7,189,189
1353,2,362,12,812,100.5,100.5,0.7,179,184
1354,0,362,12,814,100.5,100.5,0.7,179,199
1355,2,362,13,814,100.5,100.5,0.7,199,199
1356,0,362,13,814,100.5,100.5,0.7,179,184
1357,2,362,12,814,100.5,100.5,0.7,179,184
1358,2,362,12,813,100.5,100.5,0.7,194,189
1359,0,362,12,816,100.5,100.5,0.7,194,194
1360,0,362,13,813,100.5,100.5,0.7,194,189
1361,2,362,12,816,100.5,100.5,0.7,194,194
1362,2,362,12,813,100.5,100.5,0.6,199,199
1363,2,362,13,814,100.5,100.5,0.7,184,189
1364,2,362,12,813,100.5,100.5,0.7,184,184
1365,2,362,12,816,100.5,100.5,0.7,189,189
1366,2,362,12,812,100.5,100.5,0.7,189,199
1367,2,362,12,816,100.5,100.5,0.7,194,194
1368,2,363,12,813,100.5,100.5,0.7,194,174
1369,2,362,12,816,100.5,100.5,0.7,199,189
1370,2,362,13,813,100.5,100.5,0.7,179,174
1371,2,362,12,815,100.5,100.5,0.7,179,189
1372,2,362,12,814,100.5,100.5,0.7,179,189
1373,2,362,12,812,100.5,100.5,0.7,179,189
1374,2,363,12,816,100.5,100.5,0.7,179,189
1375,2,363,12,813,100.5,100.5,0.7,179,194
1376,2,362,12,815,100.5,100.5,0.7,179,189
1377,2,362,12,815,100.5,100.5,0.7,199,194
1378,2,363,12,814,100.5,100.5,0.6,199,189
1379,0,363,13,816,100.5,100.5,0.7,179,174
1380,2,362,12,813,100.5,100.5,0.7,179,189
1381,2,363,12,814,100.5,100.5,0.7,184,184
1382,2,363,12,817,100.5,100.5,0.7,184,189
1383,2,362,12,812,100.5,100.5,0.7,189,174
1384,2,362,12,816,100.5,100.5,0.7,194,194
1385,2,363,12,815,100.5,100.5,0.7,194,194
1386,2,362,12,816,100.5,100.5,0.7,199,194
1387,2,362,12,814,100.5,100.5,0.7,199,184
1388,2,363,12,816,100.5,100.5,0.7,194,194
1389,2,363,12,812,100.5,100.5,0.7,194,189
1390,2,362,12,816,100.5,100.5,0.7,199,184
1391,0,362,12,811,100.5,100.5,0.7,184,199
1392,2,363,12,816,100.5,100.5,0.6,184,189
1393,0,362,12,811,100.5,100.5,0.7,184,174
1394,2,362,12,816,100.5,100.5,0.7,184,194
1395,2,363,12,814,100.5,100.5,0.6,174,194
1396,2,363,12,815,100.5,100.5,0.7,174,189
1397,2,362,12,814,100.5,100.5,0.7,189,189
1398,2,362,12,814,100.5,100.5,0.7,179,189
1399,0,363,12,811,100.5,100.5,0.7,179,189
1400,2,362,12,814,100.5,100.5,0.7,199,194
1401,2,362,12,813,100.5,100.5,0.7,199,194
1402,2,362,12,816,100.5,100.5,0.7,174,189
1403,2,363,12,813,100.5,100.5,0.7,199,194
1404,2,362,12,817,100.5,100.5,0.7,199,194
1405,2,362,12,814,100.5,100.5,0.7,179,189
1406,0,363,12,814,100.5,100.5,0.7,179,174
1407,2,362,12,814,100.5,100.5,0.7,194,189
1408,2,362,13,814,100.5,100.5,0.6,194,189
1409,2,363,12,813,100.5,100.5,0.6,189,189
1410,2,363,12,816,100.5,100.5,0.6,179,184
1411,2,362,12,812,100.5,100.5,0.6,179,194
1412,2,362,12,816,100.5,100.5,0.7,179,189
1413,2,363,12,812,100.5,100.5,0.6,179,189
1414,2,363,12,815,100.5,100.5,0.7,184,189
1415,0,362,12,814,100.5,100.5,0.7,184,184
1416,2,363,12,815,100.5,100.5,0.7,199,184
1417,0,363,12,814,100.5,100.5,0.7,199,184
1418,2,362,12,817,100.5,100.5,0.7,199,174
1419,2,362,12,812,100.5,100.5,0.7,184,179
1420,2,363,12,813,100.5,100.5,0.6,184,189
1421,2,362,12,814,100.5,100.5,0.7,189,179
1422,0,362,12,813,100.5,100.5,0.7,189,189
1423,2,363,12,816,100.5,100.5,0.7,189,179
1424,0,363,12,816,100.5,100.5,0.7,184,194
1425,2,362,12,816,100.5,100.5,0.6,184,194
1426,2,363,12,815,100.5,100.5,0.7,194,194
1427,0,363,13,816,100.5,100.5,0.7,194,199
1428,2,362,12,812,100.5,100.5,0.7,189,174
1429,2,362,12,814,100.5,100.5,0.7,189,174
1430,2,363,12,814,100.5,100.5,0.6,174,174
1431,2,363,12,815,100.5,100.5,0.7,189,179
1432,0,362,13,812,100.5,100.5,0.6,189,174
1433,0,363,12,812,100.5,100.5,0.6,184,174
1434,0,363,12,812,100.5,100.5,0.6,184,174
1435,2,363,12,816,100.5,100.5,0.7,189,174
1436,2,362,12,811,100.5,100.5,0.7,189,179
1437,2,362,12,813,100.5,100.5,0.7,174,194
1438,2,362,13,814,100.5,100.5,0.6,184,179
1439,2,362,13,814,100.5,100.5,0.6,184,179
1440,2,363,12,815,100.5,100.5,0.7,184,184
1441,2,363,12,812,100.5,100.5,0.7,184,184
1442,2,363,12,812,100.5,100.5,0.7,184,184
1443,2,362,12,815,100.5,100.5,0.7,184,184
1444,2,362,13,811,100.5,100.5,0.7,174,184
1445,0,362,12,814,100.5,100.5,0.6,184,184
1446,0,362,12,814,100.5,100.5,0.6,184,184
1447,2,362,12,815,100.5,100.5,0.7,174,179
1448,2,363,12,813,100.5,100.5,0.6,174,184
1449,0,362,12,815,100.5,100.5,0.7,174,189
1450,2,362,12,813,100.5,100.5,0.6,174,174
1451,2,363,12,814,100.5,100.5,0.7,174,174
1452,0,363,12,815,100.5,100.5,0.6,174,189
1453,2,362,13,811,100.5,100.5,0.7,174,179
1454,0,362,12,818,100.5,100.5,0.6,194,189
1455,2,363,12,812,100.5,100.5,0.7,194,179
1456,2,362,12,814,100.5,100.5,0.7,189,189
1457,0,362,13,812,100.5,100.5,0.7,189,184
1458,2,362,12,812,100.5,100.5,0.7,184,194
1459,2,362,12,812,100.5,100.5,0.7,194,179
1460,2,362,12,812,100.5,100.5,0.7,194,179
1461,2,362,12,813,100.5,100.5,0.7,184,174
1462,2,362,12,813,100.5,100.5,0.7,184,174
1463,2,362,12,815,100.5,100.5,0.7,179,189
1464,2,362,13,812,100.5,100.5,0.7,179,184
1465,2,362,12,817,100.5,100.5,0.7,194,184
1466,2,362,12,817,100.5,100.5,0.6,179,184
1467,2,362,12,817,100.5,100.5,0.6,179,184
1468,2,362,12,816,100.5,100.5,0.7,199,189
1469,0,362,12,814,100.5,100.5,0.7,199,184
1470,2,362,12,816,100.5,100.5,0.7,179,189
1471,2,362,12,816,100.5,100.5,0.7,179,189
1472,2,362,12,814,100.5,100.5,0.7,189,184
1473,0,362,12,814,100.5,100.5,0.7,189,184
1474,0,362,12,814,100.5,100.5,0.7,189,184
1475,0,362,12,813,100.5,100.5,0.6,179,194
1476,0,362,12,813,100.5,100.5,0.6,179,194
1477,2,361,12,814,100.5,100.5,0.7,199,189
1478,2,361,12,814,100.5,100.5,0.7,199,189
1479,2,362,13,815,100.5,100.5,0.7,179,179
1480,2,362,12,813,100.5,100.5,0.6,184,194
1481,0,361,12,816,100.5,100.5,0.6,184,174
1482,0,361,12,816,100.5,100.5,0.6,189,174
1483,2,362,12,812,100.5,100.5,0.7,189,189
1484,2,362,12,815,100.5,100.5,0.7,184,194
1485,2,362,12,815,100.5,100.5,0.6,184,189
1486,0,361,12,816,100.5,100.5,0.5,189,179
1487,0,362,12,811,100.5,100.5,0.7,184,174
1488,0,361,12,815,100.5,100.5,0.7,184,189
1489,2,361,12,815,100.5,100.5,0.6,184,179
1490,2,361,12,815,100.5,100.5,0.6,184,179
1491,2,362,12,817,100.5,100.5,0.7,184,184
1492,2,362,12,817,100.5,100.5,0.7,184,184
1493,2,362,12,815,100.5,100.5,0.7,184,194
1494,0,362,12,811,100.5,100.5,0.6,189,189
1495,0,362,12,811,100.5,100.5,0.6,189,189
1496,2,362,12,816,100.5,100.5,0.6,174,174
1497,2,362,12,815,100.5,100.5,0.7,174,199
1498,0,362,12,813,100.5,100.5,0.7,199,184
1499,0,362,12,813,100.5,100.5,0.7,199,184
1500,2,362,12,815,100.5,100.5,0.7,199,179
1501,2,362,12,815,100.5,100.5,0.7,199,179
1502,2,362,12,815,100.5,100.5,0.7,199,179
1503,2,362,13,810,100.5,100.5,0.6,194,179
1504,2,362,13,810,100.5,100.5,0.6,194,179
1505,0,362,12,808,100.5,100.5,0.7,199,179
1506,0,362,12,808,100.5,100.5,0.7,199,179
1507,2,361,12,808,100.5,100.5,0.7,174,194
1508,2,360,13,802,100.5,100.5,0.7,194,184
1509,2,359,12,802,100.5,100.5,0.7,194,199
1510,2,359,12,802,100.5,100.5,0.7,179,199
1511,2,358,13,801,100.5,100.5,0.6,179,174
1512,2,357,12,804,100.5,100.5,0.7,179,174
1513,2,358,13,805,100.5,100.5,0.7,179,179
1514,2,358,12,808,100.5,100.5,0.7,199,184
1515,2,359,12,807,100.5,100.5,0.7,194,199
1516,2,359,12,808,100.5,100.5,0.7,194,184
1517,4,358,12,807,100.5,100.5,0.7,204,184
1518,4,358,12,807,100.5,100.5,0.7,204,184
1519,2,357,12,807,100.5,100.5,0.7,194,189
1520,2,357,12,807,100.5,100.5,0.7,194,189
1521,2,357,13,809,100.5,100.5,0.7,213,199
1522,4,358,12,816,100.5,100.5,0.7,208,204
1523,4,358,12,816,100.5,100.5,0.7,208,204
1524,4,358,13,820,100.5,100.5,0.7,199,199
1525,4,358,13,826,100.5,100.5,0.7,199,199
1526,4,359,13,826,100.5,100.5,0.7,194,208
1527,4,359,13,826,100.5,100.5,0.7,194,208
1528,2,359,13,825,100.5,100.5,0.6,208,208
1529,4,361,13,814,100.5,100.5,0.6,204,208
1530,4,361,13,814,100.5,100.5,0.6,204,208
1531,4,360,13,813,100.5,100.5,0.7,218,213
1532,4,360,13,813,100.5,100.5,0.7,218,213
1533,4,359,13,816,100.5,100.5,0.7,228,223
1534,4,359,13,816,100.5,100.5,0.7,228,223
1535,4,360,13,815,100.5,100.5,0.7,228,208
1536,4,360,13,818,100.5,100.5,0.7,218,208
1537,4,360,13,818,100.5,100.5,0.6,218,218
1538,4,360,13,814,100.5,100.5,0.6,223,213
1539,4,360,13,820,100.5,100.5,0.6,223,213
1540,4,360,13,820,100.5,100.5,0.7,228,218
1541,4,361,13,822,100.5,100.5,0.7,228,213
1542,4,360,13,814,100.5,100.5,0.6,223,228
1543,4,359,13,806,100.5,100.5,0.7,213,233
1544,4,359,13,806,100.5,100.5,0.7,213,233
1545,4,359,13,811,100.5,100.5,0.7,237,228
1546,4,359,13,811,100.5,100.5,0.7,237,228
1547,4,359,13,822,100.5,100.5,0.7,213,218
1548,4,360,13,826,100.5,100.5,0.7,213,228
1549,4,360,13,831,100.5,100.5,0.7,223,233
1550,4,361,13,832,100.5,100.5,0.6,233,223
1551,4,361,13,832,100.5,100.5,0.6,233,223
1552,4,362,13,831,100.5,100.5,0.8,228,233
1553,4,362,13,825,100.5,100.5,0.7,228,228
1554,4,362,13,827,100.5,100.5,0.7,218,223
1555,4,362,13,827,100.5,100.5,0.7,218,223
1556,4,362,13,827,100.5,100.5,0.7,218,228
1557,2,363,13,826,100.5,100.5,0.6,242,228
1558,2,363,13,826,100.5,100.5,0.6,242,228
1559,2,362,13,813,100.5,100.5,0.7,242,223
1560,2,362,13,813,100.5,100.5,0.7,242,223
1561,2,362,13,818,100.5,100.5,0.7,223,223
1562,2,362,13,818,100.5,100.5,0.7,223,223
1563,2,361,13,819,100.5,100.5,0.7,242,237
1564,2,362,13,823,100.5,100.5,0.7,233,218
1565,4,361,13,827,100.5,100.5,0.6,233,218
1566,4,361,13,827,100.5,100.5,0.6,218,218
1567,2,361,13,822,100.5,100.5,0.7,218,223
1568,4,362,13,823,100.5,100.5,0.7,223,218
1569,4,362,13,821,100.5,100.5,0.7,223,223
1570,2,362,13,823,100.5,100.5,0.7,218,233
1571,2,362,13,825,100.5,100.5,0.7,223,228
1572,2,362,13,824,100.5,100.5,0.7,223,223
1573,2,363,13,823,100.5,100.5,0.7,233,218
1574,2,363,13,823,100.5,100.5,0.7,233,218
1575,2,362,13,804,100.5,100.5,0.6,228,223
1576,2,362,13,804,100.5,100.5,0.6,228,223
1577,2,360,13,804,100.5,100.5,0.7,228,213
1578,2,359,13,812,100.5,100.5,0.6,223,233
1579,2,359,13,812,100.5,100.5,0.6,223,233
1580,2,360,13,816,100.5,100.5,0.6,223,218
1581,2,360,13,816,100.5,100.5,0.6,223,218
1582,4,359,13,814,100.5,100.5,0.7,233,237
1583,4,359,13,814,100.5,100.5,0.7,233,237
1584,4,360,18,819,100.5,100.5,0.6,218,228
1585,4,361,13,826,100.5,100.5,0.7,237,228
1586,4,361,13,826,100.5,100.5,0.7,237,228
1587,4,360,13,819,100.5,100.5,0.6,237,233
1588,4,360,13,819,100.5,100.5,0.6,237,233
1589,4,361,13,825,100.5,100.5,0.7,228,242
1590,4,361,13,825,100.5,100.5,0.7,228,242
1591,4,361,13,823,100.5,100.5,0.7,228,237
1592,4,361,13,823,100.5,100.5,0.7,233,242
1593,2,361,13,823,100.5,100.5,0.6,233,237
1594,2,361,13,823,100.5,100.5,0.6,233,237
1595,2,361,13,823,100.5,100.5,0.7,233,233
1596,2,361,13,817,100.5,100.5,0.7,233,233
1597,2,361,13,814,100.5,100.5,0.6,233,223
1598,2,361,13,813,100.5,100.5,0.7,242,218
1599,2,360,13,817,100.5,100.5,0.7,218,218
1600,4,360,13,819,100.5,100.5,0.7,218,218
1601,4,360,13,821,100.5,100.5,0.7,237,233
1602,4,360,13,821,100.5,100.5,0.7,237,233
1603,2,361,13,816,100.5,100.5,0.7,218,223
1604,2,361,13,816,100.5,100.5,0.7,218,223
1605,4,360,13,822,100.5,100.5,0.6,242,242
1606,4,361,13,826,100.5,100.5,0.7,223,228
1607,4,361,13,826,100.5,100.5,0.7,223,228
1608,4,361,13,822,100.5,100.5,0.6,228,228
1609,4,361,13,822,100.5,100.5,0.6,228,228
1610,2,361,13,822,100.5,100.5,0.7,218,223
1611,2,361,13,822,100.5,100.5,0.7,218,223
1612,4,360,13,817,100.5,100.5,0.7,223,233
1613,4,361,13,824,100.5,100.5,0.6,242,228
1614,4,361,13,824,100.5,100.5,0.6,242,228
1615,2,361,13,821,100.5,100.5,0.7,237,242
1616,2,361,13,821,100.5,100.5,0.7,237,242
1617,4,361,13,821,100.5,100.5,0.6,228,237
1618,4,361,13,821,100.5,100.5,0.6,228,237
1619,2,361,13,818,100.5,100.5,0.7,223,223
1620,4,361,13,821,100.5,100.5,0.7,228,237
1621,2,360,13,819,100.5,100.5,0.7,228,233
1622,4,360,13,815,100.5,100.5,0.7,228,242
1623,4,360,13,817,100.5,100.5,0.7,228,223
1624,4,360,13,819,100.5,100.5,0.6,237,242
1625,4,361,13,823,100.5,100.5,0.6,237,247
1626,4,360,13,821,100.5,100.5,0.7,223,237
1627,4,361,13,821,100.5,100.5,0.7,247,233
1628,4,361,13,821,100.5,100.5,0.7,247,233
1629,4,361,13,819,100.5,100.5,0.7,242,233
1630,4,361,13,819,100.5,100.5,0.7,242,233
1631,4,360,13,818,100.5,100.5,0.7,223,233
1632,4,360,13,818,100.5,100.5,0.7,223,247
1633,4,360,13,820,100.5,100.5,0.7,228,237
1634,4,360,13,820,100.5,100.5,0.7,242,237
1635,4,360,13,820,100.5,100.5,0.7,242,237
1636,4,360,13,821,100.5,100.5,0.7,233,242
1637,2,361,13,822,100.5,100.5,0.7,233,237
1638,4,360,13,818,100.5,100.5,0.7,228,247
1639,4,360,13,818,100.5,100.5,0.7,228,247
1640,4,360,13,818,100.5,100.5,0.7,242,242
1641,4,360,13,818,100.5,100.5,0.7,242,242
1642,4,361,13,822,100.5,100.5,0.6,242,233
1643,4,361,13,821,100.5,100.5,0.6,237,247
1644,4,361,13,823,100.5,100.5,0.7,237,237
1645,4,361,13,826,100.5,100.5,0.6,242,247
1646,4,361,13,826,100.5,100.5,0.6,242,247
1647,4,361,13,825,100.5,100.5,0.7,228,247
1648,4,361,13,825,100.5,100.5,0.7,228,247
1649,2,361,13,817,100.5,100.5,0.7,237,242
1650,4,362,13,813,100.5,100.5,0.7,242,237
1651,4,362,13,813,100.5,100.5,0.7,242,237
1652,4,360,13,813,100.5,100.5,0.7,237,233
1653,2,360,13,814,100.5,100.5,0.7,237,237
1654,4,360,13,820,100.5,100.5,0.7,252,237
1655,4,360,13,820,100.5,100.5,0.7,252,237
1656,4,360,13,821,100.5,100.5,0.7,233,242
1657,4,360,13,818,100.5,100.5,0.7,247,228
1658,4,360,13,818,100.5,100.5,0.7,247,228
1659,4,360,13,817,100.5,100.5,0.7,242,242
1660,4,360,13,817,100.5,100.5,0.7,242,242
1661,2,360,13,817,100.5,100.5,0.7,242,228
1662,2,360,13,817,100.5,100.5,0.7,242,228
1663,4,359,13,817,100.5,100.5,0.7,242,233
1664,4,360,13,815,100.5,100.5,0.7,247,252
1665,4,360,13,813,100.5,100.5,0.7,247,237
1666,4,360,13,813,100.5,100.5,0.7,233,237
1667,4,359,13,816,100.5,100.5,0.7,233,233
1668,2,359,13,816,100.5,100.5,0.7,252,252
1669,4,359,13,819,100.5,100.5,0.7,252,242
1670,4,359,13,819,100.5,100.5,0.7,247,242
1671,4,360,13,816,100.5,100.5,0.7,247,237
1672,4,359,13,814,100.5,100.5,0.7,247,247
1673,4,359,13,816,100.5,100.5,0.7,242,252
1674,4,359,13,816,100.5,100.5,0.7,242,252
1675,4,360,13,820,100.5,100.5,0.7,237,242
1676,4,360,13,823,100.5,100.5,0.7,237,242
1677,4,360,13,822,100.5,100.5,0.7,252,237
1678,4,360,13,823,100.5,100.5,0.7,237,237
1679,4,360,13,823,100.5,100.5,0.7,237,237
1680,4,360,13,827,100.5,100.5,0.6,237,257
1681,4,360,13,822,100.5,100.5,0.7,237,257
1682,4,360,13,823,100.5,100.5,0.7,247,252
1683,2,360,13,819,100.5,100.5,0.7,247,262
1684,2,360,13,819,100.5,100.5,0.7,257,262
1685,6,359,13,812,100.5,100.5,0.6,257,262
1686,6,359,13,812,100.5,100.5,0.6,257,262
1687,4,360,13,816,100.5,100.5,0.7,237,237
1688,4,360,13,816,100.5,100.5,0.7,237,237
1689,4,360,13,822,100.5,100.5,0.6,237,257
1690,4,360,13,822,100.5,100.5,0.6,237,257
1691,4,360,13,822,100.5,100.5,0.7,247,247
1692,4,360,13,820,100.5,100.5,0.7,262,257
1693,4,360,13,818,100.5,100.5,0.6,262,262
1694,4,360,13,818,100.5,100.5,0.6,247,242
1695,4,360,13,818,100.5,100.5,0.6,247,242
1696,6,360,13,816,100.5,100.5,0.6,257,242
1697,4,360,13,817,100.5,100.5,0.7,257,252
1698,4,360,13,817,100.5,100.5,0.7,247,252
1699,4,360,13,820,100.5,100.5,0.7,237,262
1700,4,360,13,820,100.5,100.5,0.7,237,262
1701,4,360,13,816,100.5,100.5,0.7,242,262
1702,4,360,13,816,100.5,100.5,0.7,242,262
1703,4,360,13,815,100.5,100.5,0.7,242,262
1704,4,361,13,820,100.5,100.5,0.7,242,247
1705,2,360,13,816,100.5,100.5,0.7,247,247
1706,4,360,13,812,100.5,100.5,0.7,242,252
1707,4,360,13,812,100.5,100.5,0.7,242,252
1708,4,360,13,813,100.5,100.5,0.7,252,247
1709,4,360,13,820,100.5,100.5,0.6,252,247
1710,4,360,13,820,100.5,100.5,0.7,257,242
1711,4,361,13,818,100.5,100.5,0.6,257,257
1712,4,361,13,818,100.5,100.5,0.6,237,257
1713,4,360,13,816,100.5,100.5,0.7,247,257
1714,4,360,13,816,100.5,100.5,0.7,247,257
1715,4,360,13,821,100.5,100.5,0.7,252,242
1716,4,360,13,821,100.5,100.5,0.7,252,242
1717,4,360,13,817,100.5,100.5,0.6,252,247
1718,4,360,13,817,100.5,100.5,0.6,252,247
1719,4,361,13,815,100.5,100.5,0.7,257,237
1720,6,361,12,815,100.5,100.5,0.6,262,242
1721,4,360,13,810,100.5,100.5,0.6,262,247
1722,4,360,13,811,100.5,100.5,0.6,252,247
1723,4,360,13,811,100.5,100.5,0.7,252,247
1724,4,360,12,809,100.5,100.5,0.7,252,247
1725,4,359,13,810,100.5,100.5,0.6,252,247
1726,4,359,13,810,100.5,100.5,0.6,262,247
1727,4,359,13,810,100.5,100.5,0.6,252,242
1728,4,360,13,812,100.5,100.5,0.7,252,242
1729,4,360,12,816,100.5,100.5,0.7,252,262
1730,6,360,13,820,100.5,100.5,0.6,252,242
1731,4,360,13,826,100.5,100.5,0.7,237,252
1732,4,360,13,826,100.5,100.5,0.7,237,252
1733,4,360,13,822,100.5,100.5,0.7,242,242
1734,4,360,13,812,100.5,100.5,0.7,252,257
1735,4,360,13,815,100.5,100.5,0.7,252,266
1736,4,361,30,906,100.5,100.5,0.7,262,252
1737,6,361,30,945,100.5,100.5,0.7,262,262
1738,6,364,29,991,100.5,100.5,0.7,262,257
1739,6,369,13,955,100.5,100.0,0.7,262,262
1740,6,369,13,955,100.5,100.0,0.7,271,262
1741,4,373,13,856,100.5,100.5,0.7,247,276
1742,4,373,13,856,100.5,100.5,0.7,247,276
1743,6,367,13,813,100.5,100.5,0.7,271,276
1744,6,367,13,813,100.5,100.5,0.7,271,276
1745,4,364,13,809,100.5,100.5,0.6,266,262
1746,4,364,13,809,100.5,100.5,0.6,266,262
1747,4,363,13,811,100.5,100.5,0.7,266,266
1748,4,362,13,813,100.5,100.5,0.7,262,271
1749,4,362,13,814,100.5,100.5,0.7,262,257
1750,4,361,13,812,100.5,100.5,0.7,257,266
1751,4,360,13,813,100.5,100.5,0.7,257,276
1752,4,360,13,816,100.5,100.5,0.7,271,271
1753,6,360,13,820,100.5,100.5,0.7,271,262
1754,6,360,13,820,100.5,100.5,0.7,271,262
1755,4,360,13,819,100.5,100.5,0.6,257,276
1756,6,360,13,825,100.5,100.5,0.5,257,257
1757,4,361,13,831,100.5,100.5,0.7,266,262
1758,4,361,13,831,100.5,100.5,0.7,266,262
1759,4,361,13,824,100.5,100.5,0.6,271,262
1760,4,361,13,824,100.5,100.5,0.6,271,262
1761,4,360,13,819,100.5,100.5,0.7,247,266
1762,4,360,13,819,100.5,100.5,0.7,247,266
1763,4,360,13,812,100.5,100.5,0.6,247,276
1764,6,360,13,808,100.5,100.5,0.7,266,257
1765,4,360,14,814,100.5,100.5,0.7,266,257
1766,4,360,14,820,100.5,100.5,0.7,271,276
1767,4,360,14,825,100.5,100.5,0.6,271,266
1768,4,360,14,829,100.5,100.5,0.7,252,276
1769,4,361,14,834,100.5,100.5,0.7,262,266
1770,4,361,14,834,100.5,100.5,0.7,262,266
1771,6,361,13,836,100.5,100.5,0.6,247,257
1772,6,361,13,836,100.5,100.5,0.6,247,257
1773,6,361,13,826,100.5,100.5,0.7,271,266
1774,6,361,13,826,100.5,100.5,0.7,271,266
1775,6,362,13,821,100.5,100.5,0.6,266,252
1776,4,361,13,815,100.5,100.5,0.7,252,271
1777,4,361,13,814,100.5,100.5,0.7,252,276
1778,4,361,13,811,100.5,100.5,0.6,271,252
1779,4,360,13,812,100.5,100.5,0.8,271,252
1780,6,360,13,811,100.5,100.5,0.6,266,266
1781,4,360,13,812,100.5,100.5,0.6,266,262
1782,4,360,13,815,100.5,100.5,0.7,262,262
1783,4,359,13,819,100.5,100.5,0.7,257,252
1784,4,359,13,819,100.5,100.5,0.7,257,252
1785,6,360,13,822,100.5,100.5,0.7,252,262
1786,6,360,13,822,100.5,100.5,0.7,252,262
1787,4,360,13,824,100.5,100.5,0.7,266,257
1788,6,360,13,820,100.5,100.5,0.7,266,257
1789,6,360,13,825,100.5,100.5,0.6,271,257
1790,4,360,13,820,100.5,100.5,0.6,271,262
1791,4,360,13,820,100.5,100.5,0.6,271,262
1792,6,360,13,820,100.5,100.5,0.7,271,257
1793,4,360,13,816,100.5,100.5,0.7,271,266
1794,4,361,13,817,100.5,100.5,0.6,271,266
1795,4,361,13,817,100.5,100.5,0.6,271,266
1796,4,360,13,818,100.5,100.5,0.7,252,262
1797,4,360,13,824,100.5,100.5,0.7,276,271
1798,4,360,13,824,100.5,100.5,0.7,276,271
1799,4,361,13,825,100.5,100.5,0.7,266,257
1800,4,362,13,820,100.5,100.5,0.7,266,271
1801,4,362,13,824,100.5,100.5,0.5,262,276
1802,4,362,13,824,100.5,100.5,0.5,262,276
1803,4,362,13,820,100.5,100.5,0.7,271,276
1804,4,362,20,829,100.5,100.5,0.7,266,262
1805,2,362,30,893,100.5,100.5,0.7,266,271
1806,4,364,34,945,100.5,100.5,0.7,257,262
1807,6,369,34,1002,100.5,100.5,0.7,257,280
1808,6,377,35,1060,100.5,100.0,0.7,276,262
1809,8,382,35,1091,100.5,100.0,0.7,262,290
1810,8,382,35,1091,100.5,100.0,0.7,262,290
1811,8,388,35,1116,100.5,100.0,0.7,276,290
1812,10,393,35,1144,100.5,100.0,0.7,276,290
1813,10,402,35,1143,100.5,100.0,0.7,285,304
1814,10,402,35,1143,100.5,100.0,0.7,285,304
1815,12,404,35,1114,100.5,100.0,0.6,299,304
1816,10,404,35,1096,100.5,100.0,0.7,308,299
1817,12,403,13,1052,100.5,100.0,0.7,308,327
1818,10,404,13,925,100.5,100.0,0.6,318,322
1819,10,404,13,925,100.5,100.0,0.6,318,322
1820,8,384,13,825,100.5,100.0,0.6,304,322
1821,8,377,13,808,100.5,100.5,0.7,285,322
1822,8,377,13,808,100.5,100.5,0.7,285,322
1823,8,372,13,803,100.5,100.5,0.7,285,304
1824,6,367,25,892,100.5,100.5,0.7,285,299
1825,6,368,31,956,100.5,100.0,0.7,299,304
1826,6,368,31,956,100.5,100.0,0.7,299,304
1827,8,374,31,1027,100.5,100.0,0.7,280,304
1828,6,380,31,1092,100.5,100.0,0.7,285,313
1829,10,391,30,1076,100.5,100.0,0.7,285,313
1830,10,391,30,1076,100.5,100.0,0.7,308,313
1831,8,393,24,997,100.5,100.0,0.5,308,322
1832,10,387,34,1010,100.5,100.0,0.7,308,327
1833,10,387,34,1010,100.5,100.0,0.7,308,327
1834,10,389,34,1063,100.5,100.0,0.6,285,318
1835,8,392,37,1098,100.5,100.0,0.8,285,313
1836,12,400,39,1167,100.5,100.0,0.8,285,327
1837,12,401,40,1181,100.5,100.0,0.7,313,327
1838,16,407,42,1192,100.5,100.0,0.6,313,308
1839,14,410,42,1200,100.5,100.0,0.7,327,322
1840,14,410,42,1200,100.5,100.0,0.7,327,322
1841,14,413,42,1204,100.5,100.0,0.7,332,322
1842,14,415,42,1204,100.5,100.0,0.7,318,322
1843,18,415,42,1205,100.5,100.0,0.7,318,349
1844,18,417,42,1198,100.5,100.0,0.6,336,345
1845,18,417,36,1174,100.5,100.0,0.6,336,345
1846,16,416,36,1130,100.5,100.0,0.7,327,349
1847,16,416,36,1130,100.5,100.0,0.7,327,349
1848,18,410,29,1097,100.5,100.0,0.6,332,340
1849,16,410,13,993,100.5,100.0,0.7,336,345
1850,12,406,13,883,100.5,100.0,0.7,336,345
1851,12,395,13,834,100.5,100.0,0.7,340,340
1852,12,389,13,812,100.5,100.0,0.7,340,354
1853,10,376,13,809,100.5,100.5,0.7,322,345
1854,10,376,13,809,100.5,100.5,0.7,322,345
1855,10,371,13,808,100.5,100.5,0.7,313,349
1856,8,366,30,837,100.5,100.0,0.5,336,332
1857,8,366,39,922,100.5,100.0,0.6,336,322
1858,8,367,41,1011,100.5,100.0,0.7,313,345
1859,10,371,44,1066,100.5,100.0,0.7,313,336
1860,10,380,46,1114,100.5,100.0,0.7,322,340
1861,10,380,46,1114,100.5,100.0,0.7,322,340
1862,10,388,46,1159,100.5,100.0,0.7,332,332
1863,12,395,46,1191,100.5,100.0,0.7,332,349
1864,16,402,46,1218,100.5,100.0,0.7,332,340
1865,18,410,46,1253,100.5,100.0,0.6,327,354
1866,18,410,46,1253,100.5,100.0,0.6,327,354
1867,20,418,46,1276,100.5,100.0,0.7,340,373
1868,20,418,46,1276,100.5,100.0,0.7,340,373
1869,20,420,46,1252,100.5,100.0,0.7,354,368
1870,22,421,46,1240,100.5,100.0,0.7,349,363
1871,22,421,42,1231,100.5,100.0,0.7,349,373
1872,22,422,37,1188,100.5,100.0,0.7,349,390
1873,18,422,13,1083,100.5,100.0,0.7,349,395
1874,18,412,13,941,100.5,100.0,0.6,354,382
1875,18,412,13,941,100.5,100.0,0.6,354,382
1876,16,400,13,868,100.5,100.0,0.7,363,368
1877,14,383,13,811,100.5,100.0,0.7,354,368
1878,12,382,13,808,100.5,100.0,0.6,354,373
1879,12,376,13,805,100.5,100.5,0.7,336,363
1880,10,369,13,810,100.5,100.0,0.6,336,354
1881,10,367,13,818,100.5,100.0,0.7,336,354
1882,10,367,13,818,100.5,100.0,0.7,336,354
1883,8,366,13,817,100.5,100.0,0.7,332,345
1884,10,364,13,819,100.5,100.5,0.6,322,349
1885,8,363,13,817,100.5,100.5,0.7,322,354
1886,6,363,13,810,100.5,100.5,0.7,327,345
1887,8,362,13,814,100.5,100.5,0.7,327,359
1888,6,361,13,811,100.5,100.5,0.7,332,349
1889,6,361,13,811,100.5,100.5,0.7,332,349
1890,8,361,13,814,100.5,100.5,0.7,336,349
1891,6,361,13,817,100.5,100.5,0.7,322,349
1892,6,361,13,817,100.5,100.5,0.7,322,345
1893,6,361,13,816,100.5,100.5,0.7,313,340
1894,6,361,13,815,100.5,100.5,0.7,313,336
1895,6,361,13,815,100.5,100.5,0.7,332,322
1896,6,361,13,815,100.5,100.5,0.7,332,322
1897,6,360,14,815,100.5,100.5,0.7,313,327
1898,6,360,14,830,100.5,100.5,0.6,308,318
1899,6,361,14,834,100.5,100.5,0.7,308,336
1900,6,362,0,777,100.5,100.5,0.6,318,313
1901,6,361,0,703,100.5,100.5,0.7,318,327
1902,6,355,0,654,100.5,100.5,0.6,318,332
1903,6,355,0,654,100.5,100.5,0.6,318,332
1904,6,346,0,634,100.5,100.5,0.7,308,322
1905,4,345,0,639,100.5,100.5,0.7,318,308
1906,6,343,0,641,100.5,100.5,0.7,318,327
1907,6,342,0,644,100.5,100.5,0.7,299,322
1908,4,341,0,650,100.5,100.5,0.7,299,313
1909,6,340,0,649,100.5,100.5,0.7,280,299
1910,6,340,0,649,100.5,100.5,0.7,280,299
1911,4,340,0,648,100.5,100.5,0.7,299,290
1912,4,339,0,648,100.5,100.5,0.7,276,299
1913,4,339,0,647,100.5,100.5,0.7,276,285
1914,4,339,0,647,100.5,100.5,0.7,285,285
1915,4,339,0,650,100.5,100.5,0.7,285,280
1916,4,339,0,647,100.5,100.5,0.7,290,304
1917,4,339,0,647,100.5,100.5,0.7,290,304
1918,4,339,0,647,100.5,100.5,0.7,276,290
1919,4,339,0,650,100.5,100.5,0.6,271,285
1920,2,339,0,648,100.5,100.5,0.6,271,299
1921,4,338,0,649,100.5,100.5,0.7,285,285
1922,4,338,0,649,100.5,100.5,0.7,285,285
1923,4,338,0,648,100.5,100.5,0.6,257,266
1924,4,338,0,648,100.5,100.5,0.6,257,266
1925,2,339,0,658,100.5,100.5,0.6,271,285
1926,2,340,0,669,100.5,100.5,0.6,266,276
1927,4,341,0,667,100.5,100.5,0.6,266,271
1928,2,342,0,664,100.5,100.5,0.7,276,266
1929,2,342,0,660,100.5,100.5,0.6,276,285
1930,4,341,0,657,100.5,100.5,0.6,271,262
1931,4,341,0,657,100.5,100.5,0.6,271,262
1932,2,341,0,655,100.5,100.5,0.7,252,271
1933,2,342,0,659,100.5,100.5,0.6,247,276
1934,2,341,0,656,100.5,100.5,0.7,247,257
1935,2,341,0,652,100.5,100.5,0.7,247,271
1936,2,341,0,654,100.5,100.5,0.7,247,257
1937,2,340,0,654,100.5,100.5,0.6,257,252
1938,2,340,0,654,100.5,100.5,0.6,257,252
1939,2,341,0,654,100.5,100.5,0.7,247,262
1940,2,341,0,654,100.5,100.5,0.6,228,257
1941,2,341,0,653,100.5,100.5,0.6,228,257
1942,2,341,0,653,100.5,100.5,0.8,247,237
1943,0,341,0,651,100.5,100.5,0.7,247,247
1944,0,341,0,651,100.5,100.5,0.6,237,237
1945,0,341,0,651,100.5,100.5,0.6,237,237
1946,0,341,0,650,100.5,100.5,0.7,228,233
1947,2,341,0,650,100.5,100.5,0.7,218,237
1948,2,340,0,652,100.5,100.5,0.7,218,228
1949,2,341,0,650,100.5,100.5,0.7,223,233
1950,2,341,0,650,100.5,100.5,0.7,223,233
1951,2,341,0,651,100.5,100.5,0.7,228,237
1952,2,341,0,652,100.5,100.5,0.7,228,223
1953,2,340,0,651,100.5,100.5,0.7,223,228
1954,0,341,0,649,100.5,100.5,0.6,213,233
1955,0,340,0,650,100.5,100.5,0.6,213,228
1956,2,341,0,651,100.5,100.5,0.7,223,213
1957,2,341,0,650,100.5,100.5,0.7,223,213
1958,0,341,0,652,100.5,100.5,0.6,204,233
1959,0,341,0,652,100.5,100.5,0.6,204,233
1960,2,341,0,649,100.5,100.5,0.7,218,223
1961,0,341,0,650,100.5,100.5,0.6,218,223
1962,0,341,0,651,100.5,100.5,0.7,208,208
1963,0,341,0,651,100.5,100.5,0.6,199,208
1964,0,340,0,651,100.5,100.5,0.7,199,204
1965,0,340,0,650,100.5,100.5,0.6,199,213
1966,0,341,0,651,100.5,100.5,0.5,199,208
1967,0,340,0,650,100.5,100.5,0.5,199,204
1968,0,340,0,650,100.5,100.5,0.5,199,204
1969,0,340,0,649,100.5,100.5,0.7,189,199
1970,0,340,0,650,100.5,100.5,0.7,204,208
1971,2,341,0,650,100.5,100.5,0.6,204,199
1972,0,341,0,651,100.5,100.5,0.7,189,208
1973,0,341,0,649,100.5,100.5,0.6,189,199
1974,0,340,0,650,100.5,100.5,0.7,184,199
1975,0,340,0,650,100.5,100.5,0.7,184,199
1976,2,340,0,650,100.5,100.5,0.6,199,199
1977,0,340,0,651,100.5,100.5,0.7,184,208
1978,0,341,0,649,100.5,100.5,0.7,184,184
1979,0,340,0,649,100.5,100.5,0.7,189,184
1980,2,340,0,652,100.5,100.5,0.7,189,199
1981,0,340,0,650,100.5,100.5,0.6,184,208
1982,0,340,0,650,100.5,100.5,0.6,184,208
1983,0,341,0,650,100.5,100.5,0.7,169,194
1984,2,340,0,650,100.5,100.5,0.7,189,199
1985,2,341,0,649,100.5,100.5,0.5,189,204
1986,2,341,0,649,100.5,100.5,0.5,164,204
1987,0,340,0,652,100.5,100.5,0.6,164,199
1988,0,340,0,650,100.5,100.5,0.7,184,179
1989,0,340,0,650,100.5,100.5,0.7,184,179
1990,0,341,0,651,100.5,100.5,0.7,174,189
1991,2,341,0,651,100.5,100.5,0.7,179,194
1992,0,340,0,648,100.5,100.5,0.7,179,174
1993,0,340,0,650,100.5,100.5,0.6,174,179
1994,0,340,0,650,100.5,100.5,0.6,174,179
1995,2,341,0,651,100.5,100.5,0.7,164,174
1996,2,341,0,651,100.5,100.5,0.7,164,174
1997,0,340,0,648,100.5,100.5,0.7,179,174
1998,0,341,0,648,100.5,100.5,0.7,159,179
1999,0,340,0,652,100.5,100.5,0.7,159,179
2000,0,340,0,650,100.5,100.5,0.6,164,174
"12/25/2021 21:52","Data Logging Completed","(Total Samples = 2000 - Sample Rate = 120 Per Minute)"
