"12/22/2021 22:02","3512B Center (4TN00222)","(Total Samples = 2000 - Sample Rate = 120 Per Minute)"
"Unit Descriptions","kPa","kPa","%","RPM","kPa","kPa","kPa","Deg C","Deg C"
"Sample #","Boost Pressure","Fuel Pressure","Throttle Position","Engine Speed","Right Turbo Inlet Pressure (abs)","Left Turbo Inlet Pressure (abs)","Crankcase Pressure","Right Exhaust Temperature","Left Exhaust Temperature"
1,No Data,No Data,No Data,No Data,No Data,No Data,No Data,No Data,No Data
2,No Data,No Data,No Data,No Data,No Data,No Data,No Data,No Data,No Data
3,No Data,No Data,No Data,No Data,No Data,No Data,No Data,No Data,No Data
4,No Data,No Data,No Data,No Data,No Data,No Data,No Data,No Data,No Data
5,0,262,0,648,100.5,100.5,0.1,Timed Out,80
6,0,262,0,648,100.5,100.5,0.0,107,91
7,0,262,0,650,100.5,100.5,0.0,107,91
8,2,262,0,649,100.5,100.5,0.1,102,74
9,2,262,0,650,100.5,100.5,0.1,102,91
10,0,262,0,651,100.5,100.0,0.1,107,85
11,0,262,0,650,100.5,100.5,0.1,107,80
12,0,262,0,650,100.5,100.5,0.0,112,80
13,0,262,0,651,100.5,100.5,0.1,112,80
14,0,262,0,650,100.5,100.5,0.1,112,96
15,0,262,0,650,100.5,100.5,0.0,118,80
16,0,262,0,650,100.5,100.5,0.0,118,80
17,2,262,0,652,100.5,100.5,0.1,96,74
18,2,262,0,652,100.5,100.5,0.1,96,74
19,0,262,0,651,100.5,100.5,0.1,118,96
20,0,262,0,651,100.5,100.5,0.1,118,96
21,0,262,0,652,100.5,100.5,-0.7,112,80
22,2,262,0,649,100.5,100.5,0.1,102,96
23,2,262,0,649,100.5,100.5,0.1,102,96
24,0,262,0,649,100.5,100.5,0.0,112,91
25,2,262,0,650,100.5,100.5,0.1,112,74
26,0,263,0,650,100.5,100.5,0.1,118,74
27,0,262,0,650,100.5,100.5,0.1,118,91
28,0,262,0,648,100.5,100.5,0.1,102,74
29,0,262,0,651,100.5,100.5,0.1,107,96
30,0,262,0,651,100.5,100.5,0.1,107,85
31,0,262,0,651,100.5,100.5,0.1,102,74
32,0,262,0,652,100.5,100.5,0.0,102,85
33,0,262,0,652,100.5,100.5,0.1,96,85
34,0,262,0,652,100.5,100.5,0.1,96,85
35,2,262,0,651,100.5,100.5,0.1,107,74
36,0,262,0,650,100.5,100.5,0.1,118,85
37,0,262,0,649,100.5,100.5,0.1,118,96
38,0,262,0,649,100.5,100.5,0.1,112,96
39,0,262,0,650,100.5,100.5,0.1,112,80
40,0,262,0,650,100.5,100.5,0.0,96,91
41,0,262,0,652,100.5,100.5,0.1,96,96
42,0,262,0,651,100.5,100.5,0.1,112,74
43,0,263,0,651,100.5,100.5,0.1,112,96
44,0,262,0,650,100.5,100.5,0.0,112,80
45,0,263,0,651,100.5,100.5,0.1,96,85
46,0,262,0,649,100.5,100.5,0.1,96,80
47,0,262,0,650,100.5,100.5,0.0,96,80
48,0,262,0,651,100.5,100.5,0.1,96,74
49,0,262,0,651,100.5,100.5,0.1,118,91
50,0,262,0,648,100.5,100.5,0.1,102,85
51,0,262,0,648,100.5,100.5,0.0,102,80
52,0,263,0,651,100.5,100.5,0.0,112,80
53,0,262,0,649,100.5,100.5,0.1,112,91
54,0,263,0,650,100.5,100.5,0.1,107,91
55,0,263,0,650,100.5,100.5,0.1,107,91
56,0,262,0,650,100.5,100.5,0.1,96,80
57,0,262,0,650,100.5,100.5,0.1,112,80
58,0,262,0,650,100.5,100.5,0.0,112,91
59,0,262,0,650,100.5,100.5,0.0,107,91
60,0,262,0,650,100.5,100.0,0.0,107,96
61,0,262,0,651,100.5,100.5,0.1,96,85
62,0,262,0,650,100.5,100.5,0.0,96,80
63,0,262,0,650,100.5,100.5,0.0,118,91
64,0,262,0,650,100.5,100.5,0.0,118,91
65,0,262,0,650,100.5,100.5,0.1,112,96
66,0,262,0,650,100.5,100.5,0.1,112,96
67,0,263,0,651,100.5,100.0,0.1,96,80
68,0,262,0,650,100.5,100.5,0.1,96,91
69,0,262,0,650,100.5,100.5,0.0,107,85
70,2,262,0,648,100.5,100.5,0.1,96,80
71,2,262,0,648,100.5,100.5,0.1,96,80
72,2,262,0,651,100.5,100.5,0.1,96,74
73,2,262,0,651,100.5,100.5,0.1,96,74
74,0,262,0,650,100.5,100.5,0.1,112,74
75,0,262,0,650,100.5,100.5,0.1,112,74
76,0,262,0,648,100.5,100.5,0.0,107,96
77,0,262,0,650,100.5,100.5,0.1,107,80
78,0,262,0,650,100.5,100.5,0.1,107,80
79,0,262,0,649,100.5,100.5,0.1,96,96
80,0,262,0,649,100.5,100.5,0.1,96,96
81,0,262,0,652,100.5,100.5,0.1,102,80
82,0,262,0,652,100.5,100.5,0.1,102,80
83,0,262,0,650,100.5,100.5,0.1,96,74
84,0,262,0,651,100.5,100.5,0.1,107,91
85,0,262,0,651,100.5,100.5,0.1,107,91
86,2,262,0,650,100.5,100.5,0.1,96,74
87,2,262,0,650,100.5,100.5,0.1,96,74
88,0,262,0,652,100.5,100.5,0.0,107,85
89,0,262,0,652,100.5,100.5,0.0,107,85
90,0,262,0,651,100.5,100.5,0.1,112,91
91,0,262,0,651,100.5,100.5,0.1,102,96
92,0,262,0,651,100.5,100.5,0.1,102,96
93,0,263,0,650,100.5,100.5,0.1,112,80
94,0,263,0,650,100.5,100.5,0.1,112,80
95,0,262,0,648,100.5,100.5,0.1,118,91
96,0,263,0,652,100.5,100.5,0.0,118,85
97,0,262,0,651,100.5,100.5,0.1,96,85
98,0,262,0,648,100.5,100.5,0.1,96,96
99,0,262,0,648,100.5,100.5,0.1,96,96
100,0,263,0,651,100.5,100.5,0.0,96,96
101,0,263,0,651,100.5,100.5,0.0,96,96
102,0,263,0,651,100.5,100.5,0.1,112,85
103,0,263,0,651,100.5,100.5,0.1,112,85
104,0,262,0,651,100.5,100.5,0.1,112,96
105,0,262,0,648,100.5,100.5,0.0,96,96
106,0,262,0,652,100.5,100.5,0.1,96,96
107,0,262,0,651,100.5,100.5,0.1,96,96
108,0,263,0,651,100.5,100.5,0.1,96,91
109,0,263,0,650,100.5,100.5,0.1,102,80
110,0,263,0,650,100.5,100.5,0.1,102,80
111,0,262,0,650,100.5,100.5,0.1,102,85
112,0,263,0,650,100.5,100.5,0.0,112,85
113,0,263,0,650,100.5,100.5,0.0,112,85
114,0,263,0,650,100.5,100.5,0.0,96,74
115,0,263,0,650,100.5,100.5,0.0,96,74
116,0,263,0,650,100.5,100.5,0.1,107,80
117,0,263,0,651,100.5,100.5,0.0,107,91
118,0,263,0,649,100.5,100.5,-0.7,107,96
119,0,263,0,650,100.5,100.5,0.0,102,74
120,0,263,0,650,100.5,100.5,0.0,102,74
121,0,263,0,652,100.5,100.0,0.1,118,91
122,0,263,0,652,100.5,100.0,0.1,118,91
123,0,262,0,649,100.5,100.5,0.0,112,74
124,0,262,0,649,100.5,100.5,0.1,112,74
125,0,263,0,651,100.5,100.5,-0.7,118,74
126,0,263,0,650,100.5,100.5,0.1,96,96
127,0,263,0,650,100.5,100.5,0.1,96,96
128,0,262,0,651,100.5,100.5,0.1,107,85
129,0,262,0,651,100.5,100.5,0.1,107,85
130,0,262,0,651,100.5,100.5,0.1,102,80
131,0,262,0,651,100.5,100.5,0.1,102,80
132,0,263,0,651,100.5,100.0,0.1,107,96
133,0,262,0,651,100.5,100.5,0.1,91,91
134,0,262,0,651,100.5,100.5,0.1,91,91
135,0,262,0,650,100.5,100.5,0.1,102,74
136,0,262,0,650,100.5,100.5,0.1,102,74
137,2,262,0,651,100.5,100.5,0.1,112,91
138,2,262,0,651,100.5,100.5,0.1,112,91
139,0,263,0,649,100.5,100.5,0.1,107,74
140,0,262,0,652,100.5,100.5,0.1,107,91
141,0,262,0,652,100.5,100.5,0.1,107,91
142,0,262,0,650,100.5,100.5,0.1,96,85
143,0,262,0,651,100.5,100.5,0.0,96,85
144,0,262,0,652,100.5,100.5,0.1,96,91
145,0,262,0,652,100.5,100.5,0.1,96,91
146,0,263,0,651,100.5,100.5,0.1,102,91
147,0,262,0,647,100.5,100.5,0.1,118,91
148,0,262,0,647,100.5,100.5,0.1,118,91
149,0,262,0,651,100.5,100.5,0.1,102,80
150,0,262,0,651,100.5,100.5,0.1,102,80
151,0,263,0,650,100.5,100.5,0.1,112,91
152,0,262,0,649,100.5,100.5,0.1,112,80
153,0,263,0,652,100.5,100.5,0.1,112,85
154,0,262,0,651,100.5,100.5,0.1,96,96
155,0,262,0,651,100.5,100.5,0.1,96,96
156,2,262,0,651,100.5,100.5,0.0,91,85
157,2,262,0,651,100.5,100.5,0.0,91,85
158,0,263,0,649,100.5,100.5,0.0,91,80
159,0,263,0,649,100.5,100.5,0.0,91,80
160,0,262,0,650,100.5,100.5,0.1,91,80
161,0,262,0,651,100.5,100.5,0.1,118,85
162,0,262,0,651,100.5,100.5,0.1,118,85
163,0,262,0,650,100.5,100.5,0.1,102,74
164,0,262,0,650,100.5,100.5,0.1,102,74
165,0,263,0,650,100.5,100.5,0.1,118,85
166,0,262,0,651,100.5,100.5,0.1,118,80
167,0,262,0,650,100.5,100.5,0.1,107,80
168,0,262,0,651,100.5,100.5,0.0,107,74
169,0,262,0,652,100.5,100.5,0.1,107,96
170,0,263,0,649,100.5,100.5,-0.7,118,85
171,2,263,0,649,100.5,100.5,0.1,118,80
172,0,262,0,651,100.5,100.5,0.0,96,85
173,0,263,0,650,100.5,100.5,0.1,96,74
174,0,262,0,650,100.5,100.5,0.1,112,80
175,0,263,0,650,100.5,100.5,0.1,112,85
176,0,262,0,653,100.5,100.5,0.1,112,80
177,0,262,0,648,100.5,100.5,0.0,102,80
178,0,262,0,650,100.5,100.5,0.1,102,96
179,0,263,0,650,100.5,100.5,0.1,112,96
180,0,263,0,650,100.5,100.5,0.1,112,96
181,0,262,0,649,100.5,100.5,0.1,107,74
182,0,263,0,650,100.5,100.5,0.0,91,80
183,0,263,0,650,100.5,100.5,0.0,91,80
184,0,262,0,650,100.5,100.5,0.1,107,80
185,0,262,0,650,100.5,100.5,0.1,107,80
186,0,262,0,649,100.5,100.5,0.1,96,91
187,0,262,0,649,100.5,100.5,0.1,96,91
188,0,262,0,648,100.5,100.5,0.1,118,74
189,0,262,0,651,100.5,100.5,0.0,102,74
190,0,262,0,651,100.5,100.5,0.0,102,74
191,0,263,0,650,100.5,100.5,0.1,96,85
192,0,263,0,650,100.5,100.5,0.1,96,85
193,0,262,0,650,100.5,100.5,0.1,112,91
194,0,262,0,649,100.5,100.5,0.1,112,96
195,0,262,0,647,100.5,100.5,0.0,102,96
196,0,263,0,650,100.5,100.5,0.0,112,85
197,0,263,0,650,100.5,100.5,0.0,112,85
198,0,262,0,649,100.5,100.5,0.0,107,85
199,0,262,0,649,100.5,100.5,0.0,107,85
200,0,262,0,648,100.5,100.5,0.0,118,85
201,0,262,0,648,100.5,100.5,0.0,118,85
202,0,262,0,652,100.5,100.5,0.1,96,91
203,0,262,0,652,100.5,100.5,0.1,118,91
204,0,262,0,650,100.5,100.5,0.1,118,80
205,0,262,0,651,100.5,100.5,0.1,102,74
206,0,262,52,706,100.5,100.5,0.1,102,96
207,0,271,38,883,100.5,100.5,0.1,102,80
208,0,271,38,883,100.5,100.5,0.1,102,80
209,0,300,15,887,100.5,100.0,0.1,102,80
210,0,325,15,833,100.5,100.0,0.1,123,107
211,0,325,15,833,100.5,100.0,0.1,123,107
212,0,333,15,835,100.5,100.0,0.0,118,102
213,0,333,15,835,100.5,100.0,0.0,118,102
214,0,341,15,844,100.5,100.0,0.1,123,85
215,0,341,15,844,100.5,100.0,0.1,123,85
216,0,343,15,846,100.5,100.5,0.1,107,102
217,0,346,14,843,100.5,100.5,0.0,123,102
218,0,346,14,843,100.5,100.5,0.0,123,102
219,0,347,15,841,100.5,100.5,0.0,107,85
220,0,347,15,841,100.5,100.5,0.0,107,85
221,0,348,15,839,100.5,100.5,0.1,123,107
222,0,347,15,837,100.5,100.5,0.1,123,85
223,2,348,14,842,100.5,100.5,0.1,123,91
224,0,348,14,841,100.5,100.5,0.1,123,91
225,0,348,14,841,100.5,100.5,0.1,123,91
226,0,348,15,840,100.5,100.0,0.0,123,102
227,0,348,15,840,100.5,100.0,0.0,123,102
228,0,348,15,840,100.5,100.0,0.0,118,102
229,0,348,15,840,100.5,100.0,0.0,118,102
230,0,348,14,841,100.5,100.0,0.0,123,107
231,0,348,14,843,100.5,100.0,0.1,123,102
232,0,348,15,837,100.5,100.5,0.1,123,107
233,0,347,15,840,100.5,100.0,0.1,128,91
234,0,348,15,842,100.5,100.0,0.1,128,85
235,0,348,15,842,100.5,100.0,0.1,123,85
236,0,347,15,842,100.5,100.0,0.1,123,91
237,0,347,15,840,100.5,100.0,0.1,133,102
238,0,347,15,841,100.5,100.0,0.1,128,102
239,0,347,15,839,100.5,100.0,0.0,128,91
240,0,347,14,837,100.5,100.0,0.0,123,112
241,0,347,15,842,100.5,100.0,0.1,123,102
242,0,347,15,842,100.5,100.0,0.1,139,96
243,0,347,15,842,100.5,100.0,0.1,139,96
244,0,347,15,840,100.5,100.0,0.1,118,91
245,0,347,15,841,100.5,100.5,0.1,133,96
246,0,347,15,841,100.5,100.5,0.1,133,96
247,0,347,14,843,100.5,100.5,-0.7,128,96
248,0,347,14,843,100.5,100.5,-0.7,128,96
249,0,347,15,837,100.5,100.5,0.0,133,96
250,0,346,15,841,100.5,100.5,0.0,133,112
251,0,346,14,842,100.5,100.0,0.1,139,102
252,0,347,15,837,100.5,100.0,0.1,133,91
253,0,347,14,842,100.5,100.5,0.0,133,112
254,0,347,15,842,100.5,100.5,0.1,128,107
255,0,346,15,839,100.5,100.5,0.1,128,91
256,0,346,15,839,100.5,100.5,0.1,133,91
257,0,344,15,837,100.5,100.0,0.1,128,107
258,0,344,15,837,100.5,100.0,0.1,128,107
259,0,343,15,841,100.5,100.0,0.1,128,118
260,0,343,15,841,100.5,100.0,0.1,128,118
261,0,344,14,836,100.5,100.5,0.1,128,91
262,0,344,14,836,100.5,100.5,0.1,128,91
263,0,343,15,841,100.5,100.5,0.1,128,118
264,0,343,15,835,100.5,100.0,0.1,128,112
265,0,343,15,835,100.5,100.0,0.1,128,112
266,0,342,15,836,100.5,100.5,0.0,149,107
267,0,342,15,836,100.5,100.5,0.0,149,107
268,0,341,15,835,100.5,100.0,0.0,149,118
269,0,341,15,835,100.5,100.0,0.0,149,118
270,0,340,15,831,100.5,100.0,0.0,149,102
271,2,339,15,834,100.5,100.0,0.1,139,112
272,2,339,15,834,100.5,100.0,0.1,139,112
273,0,337,15,828,100.5,100.5,0.0,144,112
274,0,337,15,828,100.5,100.5,0.0,144,112
275,2,335,15,832,100.5,100.0,0.1,154,118
276,2,335,15,832,100.5,100.0,0.1,154,118
277,2,334,15,833,100.5,100.0,0.1,154,123
278,2,334,15,839,100.0,100.0,0.1,159,128
279,2,334,15,839,100.0,100.0,0.1,159,128
280,2,334,15,838,100.5,100.0,0.1,169,123
281,2,334,15,838,100.5,100.0,0.1,169,123
282,2,334,15,843,100.5,100.0,-0.7,159,123
283,2,334,14,845,100.5,100.0,-0.7,159,133
284,2,335,15,843,100.5,100.0,0.0,159,123
285,2,336,15,842,100.5,100.0,0.1,164,133
286,2,336,15,846,100.0,100.5,0.1,164,139
287,2,337,15,845,100.5,100.0,0.1,164,128
288,2,337,15,841,100.5,100.5,0.1,164,128
289,2,336,15,839,100.5,100.0,0.1,169,154
290,2,336,15,839,100.5,100.0,0.1,169,154
291,2,337,14,840,100.5,100.0,0.1,169,144
292,2,337,15,844,100.5,100.0,0.1,179,144
293,2,337,15,844,100.5,100.0,0.1,179,144
294,2,336,15,841,100.5,100.0,0.0,184,144
295,2,336,15,841,100.5,100.0,0.0,184,144
296,4,335,15,839,100.5,100.0,0.1,164,144
297,4,335,15,839,100.5,100.0,0.1,164,144
298,2,335,15,837,100.5,100.0,0.1,169,139
299,2,335,15,840,100.5,100.0,0.0,169,164
300,4,335,15,844,100.5,100.0,0.0,169,154
301,2,335,15,843,100.5,100.0,0.0,184,149
302,2,336,15,846,100.5,100.5,0.1,184,164
303,4,337,15,847,100.0,100.0,0.1,179,159
304,4,338,14,845,100.5,100.5,0.1,179,144
305,4,339,15,840,100.5,100.0,0.0,189,154
306,2,339,15,843,100.0,100.0,0.1,184,149
307,2,339,15,844,100.0,100.0,0.0,184,174
308,2,339,15,842,100.5,100.0,0.1,199,149
309,2,339,15,837,100.5,100.0,0.1,199,169
310,2,339,15,844,100.0,100.0,0.0,208,164
311,2,339,15,844,100.0,100.0,0.0,208,164
312,2,338,15,843,100.5,100.0,0.0,184,174
313,4,339,15,843,100.5,100.0,0.1,208,174
314,4,339,15,843,100.5,100.0,0.1,208,174
315,2,339,15,842,100.5,100.5,0.1,194,154
316,2,339,15,842,100.5,100.5,0.1,194,154
317,2,339,15,837,100.5,100.0,0.0,204,164
318,2,339,15,837,100.5,100.0,0.0,204,164
319,4,339,15,842,100.5,100.5,0.0,189,164
320,2,339,14,842,100.0,100.5,0.0,189,174
321,2,339,14,842,100.0,100.5,0.0,189,174
322,2,338,21,872,100.0,100.0,-0.7,194,164
323,2,338,21,872,100.0,100.0,-0.7,194,164
324,2,347,21,936,100.5,100.0,-0.7,208,184
325,2,347,21,936,100.5,100.0,-0.7,208,184
326,2,355,21,940,100.0,100.0,0.0,199,174
327,4,358,21,938,100.0,100.0,0.1,213,179
328,4,358,21,938,100.0,100.0,0.1,213,179
329,2,360,21,930,100.0,100.0,0.1,199,194
330,2,360,21,930,100.0,100.0,0.1,199,194
331,2,361,21,930,100.0,100.0,0.1,213,184
332,2,361,21,930,100.0,100.0,0.1,213,184
333,2,362,21,928,100.5,100.0,0.0,213,174
334,2,362,21,924,100.5,100.0,0.1,208,194
335,2,362,21,924,100.5,100.0,0.1,208,194
336,2,361,21,917,100.5,100.0,0.0,204,189
337,2,361,21,917,100.5,100.0,0.0,204,189
338,2,361,21,919,100.0,100.0,0.1,228,189
339,2,361,21,921,100.5,100.0,0.1,228,184
340,4,360,21,921,100.0,100.0,0.1,204,189
341,4,361,21,922,100.0,100.0,0.0,218,194
342,4,361,21,924,100.0,100.0,0.0,218,184
343,2,361,21,924,100.0,100.0,0.1,208,189
344,2,361,21,923,100.0,100.0,0.0,208,184
345,4,361,21,927,100.0,100.0,0.1,204,204
346,2,361,21,927,100.0,100.0,0.1,204,194
347,4,361,21,927,100.0,100.0,0.0,208,189
348,4,362,21,926,100.5,100.0,0.1,208,184
349,4,362,21,928,100.0,100.0,0.0,208,204
350,4,362,21,928,100.0,100.0,0.1,223,194
351,2,363,21,925,100.5,100.0,0.1,223,199
352,2,363,21,929,100.0,100.0,0.0,213,184
353,2,363,21,929,100.0,100.0,0.0,213,184
354,2,362,21,923,100.5,100.0,0.0,228,199
355,2,362,21,928,100.5,100.0,0.0,233,189
356,2,362,21,928,100.5,100.0,0.0,233,189
357,4,361,21,923,100.0,100.0,0.1,208,189
358,4,361,21,923,100.0,100.0,0.1,208,189
359,2,362,21,927,100.0,100.0,0.1,213,189
360,2,362,21,927,100.0,100.0,0.1,213,189
361,4,362,21,925,100.0,100.0,0.1,228,208
362,4,362,21,924,100.0,100.0,0.1,208,194
363,4,362,21,924,100.0,100.0,0.1,208,194
364,2,362,29,973,100.0,100.0,0.0,223,194
365,2,362,29,973,100.0,100.0,0.0,223,194
366,2,369,29,1035,100.0,100.0,0.0,213,194
367,2,369,29,1045,100.0,100.0,0.0,213,194
368,2,373,29,1041,100.0,100.0,0.0,223,194
369,2,375,29,1043,100.0,100.0,0.1,228,218
370,4,376,29,1039,100.0,100.0,0.0,228,199
371,4,378,32,1035,100.0,100.0,0.1,233,204
372,4,378,32,1035,100.0,100.0,0.1,233,204
373,4,380,34,1100,100.0,100.0,0.1,242,223
374,4,383,34,1111,100.0,100.0,0.1,242,223
375,4,383,34,1113,100.0,100.0,0.1,237,223
376,6,386,34,1110,100.0,100.0,-0.7,257,223
377,4,388,34,1105,100.0,100.0,0.0,257,233
378,4,389,34,1107,100.0,100.0,0.0,247,228
379,6,390,34,1102,100.0,100.0,-0.7,247,218
380,4,390,34,1099,100.0,100.0,0.0,262,223
381,6,390,34,1097,100.0,100.0,0.0,262,223
382,6,389,34,1090,100.0,100.0,0.0,252,237
383,8,389,34,1097,100.0,100.0,0.1,252,228
384,8,389,34,1097,100.0,100.0,0.1,252,228
385,6,389,34,1096,100.0,100.0,-0.7,266,223
386,6,389,34,1100,100.0,100.0,0.1,266,223
387,6,390,34,1094,100.0,100.0,0.1,257,228
388,6,389,34,1092,100.0,100.0,0.0,247,228
389,8,389,34,1096,100.0,100.0,-0.7,247,237
390,6,389,34,1097,100.0,100.0,0.1,242,242
391,6,389,34,1094,100.0,100.0,0.0,242,223
392,6,388,34,1095,100.0,100.0,0.1,266,242
393,6,388,34,1095,100.0,100.0,0.1,266,242
394,8,388,34,1093,100.0,100.0,0.0,262,233
395,6,389,34,1099,100.0,100.0,0.1,252,247
396,6,389,34,1101,100.0,100.0,0.0,252,242
397,6,389,34,1104,100.0,100.0,0.1,252,233
398,6,389,34,1104,100.0,100.0,0.1,252,233
399,6,390,34,1100,100.0,100.0,0.0,252,247
400,6,390,34,1100,100.0,100.0,0.0,252,247
401,6,390,34,1100,100.0,100.0,0.1,262,228
402,6,390,34,1100,100.0,100.0,0.1,257,228
403,6,390,39,1102,100.0,100.0,0.1,257,257
404,8,391,40,1136,100.0,100.0,0.1,266,237
405,8,391,40,1136,100.0,100.0,0.1,266,237
406,8,396,40,1192,100.0,100.0,-0.7,271,257
407,8,396,40,1192,100.0,100.0,-0.7,271,257
408,8,400,40,1194,100.0,100.0,0.1,262,242
409,8,401,40,1187,100.0,100.0,0.0,285,257
410,8,402,40,1181,100.0,100.0,0.1,285,262
411,8,402,40,1172,100.0,100.0,0.0,276,262
412,10,403,41,1174,100.0,100.0,0.0,276,262
413,10,402,41,1174,100.0,100.0,-0.7,280,242
414,10,402,40,1177,100.0,100.0,0.0,280,266
415,10,402,41,1172,100.0,100.0,0.0,290,242
416,10,402,41,1172,100.0,100.0,0.0,290,252
417,12,402,40,1179,100.0,100.0,-0.7,290,266
418,10,402,41,1174,100.0,100.0,0.1,271,257
419,12,402,41,1179,100.0,100.0,0.0,271,271
420,12,402,41,1180,100.0,100.0,0.1,285,276
421,12,402,40,1175,100.0,100.0,-0.7,285,252
422,12,402,40,1177,100.0,100.0,0.0,290,266
423,14,402,41,1179,100.0,100.0,-0.7,299,271
424,12,402,41,1182,100.0,100.0,0.0,299,276
425,12,403,40,1181,100.0,100.0,0.1,285,252
426,12,403,40,1181,100.0,100.0,0.1,285,252
427,14,402,40,1181,100.0,100.0,0.0,299,262
428,12,402,41,1180,100.0,100.0,0.0,299,271
429,12,403,41,1176,100.0,100.0,0.0,299,257
430,14,403,40,1181,100.0,100.0,-0.7,299,262
431,12,402,41,1177,100.0,100.0,-0.7,299,276
432,14,402,40,1171,100.0,100.0,0.0,290,266
433,14,402,40,1171,100.0,100.0,0.0,290,266
434,14,401,40,1170,100.0,100.0,-0.7,290,266
435,14,400,41,1171,100.0,100.0,0.0,308,280
436,14,400,40,1171,100.0,100.0,-0.7,308,266
437,14,400,40,1178,100.0,100.0,0.1,308,280
438,16,400,40,1180,100.0,100.0,-0.7,308,271
439,12,402,41,1194,100.0,100.0,0.1,327,290
440,12,402,41,1194,100.0,100.0,0.1,327,290
441,12,402,41,1191,100.0,100.0,0.0,318,271
442,14,402,40,1179,100.0,100.0,-0.7,322,290
443,14,401,40,1169,100.0,100.0,-0.7,322,299
444,16,400,40,1164,100.0,100.0,0.0,322,290
445,18,400,41,1167,100.0,100.0,0.0,322,290
446,16,400,40,1173,100.0,100.0,0.0,313,280
447,16,400,40,1175,100.0,100.0,-0.7,313,308
448,14,400,40,1180,100.0,100.0,0.0,327,285
449,14,400,41,1190,100.0,100.0,-0.7,336,304
450,16,401,40,1196,100.0,100.0,0.0,336,285
451,16,402,41,1202,100.0,100.0,0.0,327,290
452,16,403,40,1191,100.0,100.0,-0.7,327,299
453,12,404,40,1185,100.0,100.0,0.0,322,313
454,14,404,40,1176,100.0,100.0,0.0,322,318
455,14,404,40,1178,100.0,100.0,0.1,332,304
456,12,404,40,1175,100.0,100.0,0.0,327,299
457,12,404,40,1177,100.0,100.0,0.1,327,308
458,14,403,40,1179,100.0,100.0,0.0,318,318
459,12,404,40,1175,100.0,100.0,0.1,318,290
460,14,403,40,1175,100.0,100.0,-0.7,332,299
461,14,403,40,1175,100.0,100.0,-0.7,332,299
462,14,404,40,1179,100.0,100.0,0.0,336,313
463,14,404,40,1180,100.0,100.0,0.1,322,313
464,12,404,40,1181,100.0,100.0,-0.7,322,304
465,12,404,40,1176,100.0,100.0,0.0,332,318
466,12,404,40,1176,100.0,100.0,0.0,332,318
467,12,403,40,1177,100.0,100.0,0.1,327,318
468,12,403,40,1177,100.0,100.0,0.1,327,318
469,14,404,40,1180,100.0,100.0,0.0,322,299
470,10,404,40,1177,100.0,100.0,0.1,332,304
471,12,404,40,1181,100.0,100.0,0.1,332,308
472,12,404,40,1173,100.0,100.0,-0.7,332,304
473,12,404,40,1173,100.0,100.0,-0.7,332,304
474,10,404,40,1181,100.0,100.0,0.1,332,304
475,12,404,40,1176,100.0,100.0,0.0,332,308
476,12,404,40,1180,100.0,100.0,-0.7,322,308
477,12,404,40,1181,100.0,100.0,-0.7,336,304
478,12,404,40,1179,100.0,100.0,0.1,336,313
479,14,404,40,1179,100.0,100.0,0.0,336,299
480,14,404,40,1179,100.0,100.0,0.0,336,299
481,14,404,40,1178,100.0,100.0,-0.7,332,285
482,12,404,40,1179,100.0,100.0,0.1,332,313
483,12,404,40,1176,100.0,100.0,-0.7,322,290
484,12,404,40,1176,100.0,100.0,0.1,308,313
485,12,404,40,1182,100.0,100.0,0.0,308,285
486,10,404,40,1181,100.0,100.0,0.1,327,290
487,10,404,40,1181,100.0,100.0,0.1,327,290
488,10,404,40,1181,100.0,100.0,0.0,332,304
489,10,404,40,1175,100.0,100.0,-0.7,332,304
490,12,404,40,1173,100.0,100.0,0.0,318,280
491,12,404,40,1179,100.0,100.0,-0.7,308,280
492,10,404,40,1176,100.0,100.0,0.1,308,308
493,10,404,40,1177,100.0,100.0,0.0,318,304
494,12,404,40,1182,100.0,100.0,0.0,318,299
495,12,404,40,1177,100.0,100.0,0.1,313,299
496,12,404,40,1177,100.0,100.0,0.1,313,299
497,12,405,40,1179,100.0,100.0,0.0,322,299
498,12,405,40,1176,100.0,100.0,0.0,313,285
499,12,404,40,1181,100.0,100.0,0.0,313,304
500,12,405,40,1175,100.0,100.0,0.0,332,280
501,12,405,40,1176,100.0,100.0,0.0,332,299
502,10,405,40,1182,100.0,100.0,-0.7,313,304
503,10,405,40,1182,100.0,100.0,-0.7,313,304
504,10,405,40,1179,100.0,100.0,0.1,304,280
505,10,405,40,1181,100.0,100.0,-0.7,322,304
506,12,404,40,1176,100.0,100.0,0.0,322,285
507,10,405,40,1181,100.0,100.0,-0.7,304,308
508,10,405,40,1176,100.0,100.0,0.0,304,285
509,12,405,40,1181,100.0,100.0,0.0,308,280
510,12,405,40,1181,100.0,100.0,0.0,308,280
511,12,405,40,1181,100.0,100.0,0.1,313,299
512,12,405,40,1184,100.0,100.0,0.0,322,280
513,12,405,40,1182,100.0,100.0,0.1,322,285
514,12,405,40,1179,100.0,100.0,-0.7,322,299
515,12,405,40,1183,100.0,100.0,-0.7,322,290
516,10,406,40,1182,100.0,100.0,-0.7,322,276
517,10,406,40,1182,100.0,100.0,-0.7,322,276
518,8,407,40,1187,100.0,100.0,-0.7,322,280
519,10,406,40,1179,100.0,100.0,0.0,318,280
520,12,406,40,1179,100.0,100.0,0.0,318,290
521,10,406,40,1181,100.0,100.0,0.0,322,276
522,10,406,40,1180,100.0,100.0,0.0,322,299
523,8,406,40,1179,100.0,100.0,0.0,322,276
524,8,406,40,1179,100.0,100.0,0.0,322,276
525,10,406,40,1179,100.0,100.0,0.0,308,285
526,10,406,40,1178,100.0,100.0,-0.7,290,280
527,10,406,40,1178,100.0,100.0,0.1,290,271
528,10,406,40,1172,100.0,100.0,0.0,313,271
529,10,406,40,1176,100.0,100.0,0.0,313,285
530,12,406,40,1175,100.0,100.0,-0.7,290,299
531,10,405,40,1173,100.0,100.0,0.0,290,262
532,10,405,40,1176,100.0,100.0,0.0,285,285
533,8,405,40,1178,100.0,100.0,0.1,299,276
534,10,406,40,1177,100.0,100.0,0.0,299,285
535,10,405,40,1173,100.0,100.0,-0.7,299,285
536,8,405,40,1175,100.0,100.0,0.0,299,276
537,8,405,40,1179,100.0,100.0,0.0,304,280
538,8,405,40,1179,100.0,100.0,0.0,304,276
539,10,406,40,1182,100.0,100.0,-0.7,304,266
540,8,406,40,1178,100.0,100.0,0.0,285,276
541,10,406,40,1179,100.0,100.0,0.1,285,280
542,10,406,40,1182,100.0,100.0,0.1,299,271
543,10,406,40,1179,100.0,100.0,0.0,299,276
544,10,406,40,1185,100.0,100.0,0.0,290,266
545,10,406,40,1177,100.0,100.0,0.0,290,266
546,10,406,40,1181,100.0,100.0,0.0,290,276
547,10,406,40,1178,100.0,100.0,0.0,290,280
548,10,406,40,1178,100.0,100.0,0.1,290,262
549,8,406,40,1183,100.0,100.0,-0.7,299,271
550,6,406,40,1175,100.0,100.0,0.1,299,257
551,10,406,40,1177,100.0,100.0,0.0,304,276
552,8,406,40,1179,100.0,100.0,0.1,304,257
553,8,406,40,1178,100.0,100.0,0.1,285,252
554,8,406,40,1175,100.0,100.0,0.0,308,266
555,8,406,40,1177,100.0,100.0,0.0,308,262
556,8,405,40,1171,100.0,100.0,0.1,299,262
557,8,406,40,1170,100.0,100.0,-0.7,299,276
558,10,406,40,1164,100.0,100.0,0.0,304,262
559,10,405,40,1154,100.0,100.0,-0.7,304,257
560,12,404,40,1158,100.0,100.0,-0.7,290,257
561,10,403,40,1165,100.0,100.0,0.0,304,262
562,12,402,40,1171,100.0,100.0,0.0,304,271
563,12,402,40,1177,100.0,100.0,0.1,280,252
564,14,402,40,1172,100.0,100.0,0.0,280,262
565,12,402,40,1172,100.0,100.0,-0.7,290,280
566,12,402,40,1187,100.0,100.0,0.0,290,276
567,12,403,40,1200,100.0,100.0,0.1,308,266
568,12,404,40,1192,100.0,100.0,-0.7,304,271
569,12,405,40,1189,100.0,100.0,0.1,304,266
570,12,406,40,1188,100.0,100.0,-0.7,313,280
571,12,406,40,1180,100.0,100.0,0.1,313,276
572,10,406,40,1187,100.0,100.0,-0.7,299,285
573,10,407,40,1180,100.0,100.0,0.1,299,266
574,12,407,40,1178,100.0,100.0,0.1,290,262
575,10,406,40,1173,100.0,100.0,-0.7,318,280
576,10,406,40,1178,100.0,100.0,0.0,318,266
577,10,406,40,1181,100.0,100.0,0.1,290,271
578,10,406,40,1177,100.0,100.0,0.0,290,276
579,10,406,40,1176,100.0,100.0,0.0,285,271
580,12,406,40,1173,100.0,100.0,0.0,285,262
581,12,405,40,1172,100.0,100.0,0.1,313,257
582,12,405,40,1167,100.0,100.0,0.0,285,266
583,10,404,40,1170,100.0,100.0,0.0,285,262
584,10,404,40,1174,100.0,100.0,0.0,285,271
585,10,404,40,1172,100.0,100.0,-0.7,285,266
586,10,403,40,1164,100.0,100.0,0.0,290,257
587,10,403,40,1169,100.0,100.0,-0.7,290,266
588,12,403,40,1175,100.0,100.0,-0.7,318,266
589,12,403,40,1170,100.0,100.0,0.1,313,285
590,10,403,40,1162,100.0,100.0,-0.7,313,285
591,12,402,40,1166,100.0,100.0,0.1,318,262
592,14,402,40,1168,100.0,100.0,-0.7,318,262
593,12,402,40,1167,100.0,100.0,-0.7,299,280
594,14,401,40,1170,100.0,100.0,0.0,299,262
595,14,402,40,1175,100.0,100.0,0.0,304,271
596,12,401,40,1171,100.0,100.0,0.1,308,266
597,14,401,40,1176,100.0,100.0,-0.7,308,285
598,14,402,40,1181,100.0,100.0,0.0,313,290
599,14,402,40,1172,100.0,100.0,0.0,313,280
600,14,402,40,1175,100.0,100.0,0.0,322,299
601,12,401,40,1182,100.0,100.0,0.0,322,271
602,14,402,40,1174,100.0,100.0,0.0,304,271
603,12,402,40,1178,100.0,100.0,0.0,313,299
604,12,402,40,1172,100.0,100.0,0.1,313,285
605,14,402,40,1172,100.0,100.0,-0.7,322,280
606,14,402,40,1175,100.0,100.0,0.1,322,290
607,14,401,40,1172,100.0,100.0,0.0,327,308
608,14,401,40,1166,100.0,100.0,0.0,327,285
609,14,401,40,1171,100.0,100.0,0.0,332,285
610,16,401,40,1179,100.0,100.0,0.0,318,308
611,14,401,40,1179,100.0,100.0,-0.7,318,285
612,16,402,40,1183,100.0,100.0,0.1,318,285
613,16,402,40,1182,100.0,100.0,0.0,318,313
614,14,402,40,1192,100.0,100.0,-0.7,322,290
615,12,403,40,1189,100.0,100.0,-0.7,322,308
616,14,403,40,1185,100.0,100.0,0.0,327,304
617,14,404,40,1184,100.0,100.0,0.0,327,313
618,14,404,40,1187,100.0,100.0,0.0,327,304
619,16,404,40,1183,100.0,100.0,0.0,340,304
620,12,404,40,1180,100.0,100.0,0.0,340,318
621,14,404,40,1186,100.0,100.0,0.0,345,304
622,14,405,40,1191,100.0,100.0,0.0,345,290
623,14,406,40,1191,100.0,100.0,-0.7,345,308
624,14,406,40,1188,100.0,100.0,0.0,322,285
625,10,406,40,1190,100.0,100.0,0.0,322,304
626,14,406,40,1189,100.0,100.0,-0.7,318,308
627,12,406,40,1180,100.0,100.0,0.1,318,299
628,12,407,40,1186,100.0,100.0,0.1,327,299
629,10,407,40,1184,100.0,100.0,0.0,327,318
630,12,406,40,1179,100.0,100.0,0.0,318,313
631,12,406,40,1184,100.0,100.0,0.0,332,299
632,12,406,40,1179,100.0,100.0,-0.7,332,290
633,10,407,40,1180,100.0,100.0,0.0,318,290
634,12,407,40,1184,100.0,100.0,0.0,318,308
635,8,406,40,1179,100.0,100.0,0.0,318,308
636,12,406,40,1181,100.0,100.0,0.0,318,299
637,10,406,40,1175,100.0,100.0,0.0,318,290
638,12,406,40,1169,100.0,100.0,0.0,327,299
639,10,405,40,1168,100.0,100.0,0.0,327,299
640,10,405,40,1167,100.0,100.0,-0.7,332,290
641,10,404,40,1167,100.0,100.0,0.0,332,290
642,12,404,40,1173,100.0,100.0,0.0,308,304
643,10,404,40,1174,100.0,100.0,0.1,308,304
644,10,404,40,1170,100.0,100.0,-0.7,322,290
645,12,404,40,1166,100.0,100.0,0.0,322,276
646,10,403,40,1156,100.0,100.0,0.0,322,299
647,14,401,40,1155,100.0,100.0,0.0,322,304
648,12,400,40,1167,100.0,100.0,0.0,322,304
649,12,400,40,1178,100.0,100.0,0.0,318,285
650,14,400,40,1181,100.0,100.0,-0.7,318,299
651,12,400,40,1187,100.0,100.0,0.0,318,304
652,16,401,40,1194,100.0,100.0,0.0,336,299
653,16,402,40,1198,100.0,100.0,0.0,336,304
654,12,403,40,1199,100.0,100.0,0.0,322,304
655,14,405,40,1190,100.0,100.0,0.0,322,304
656,14,405,40,1181,100.0,100.0,0.0,340,290
657,12,405,40,1181,100.0,100.0,0.0,340,313
658,14,405,40,1177,100.0,100.0,-0.7,332,290
659,14,405,40,1180,100.0,100.0,0.0,332,308
660,14,405,40,1179,100.0,100.0,0.0,332,318
661,14,405,40,1173,100.0,100.0,0.0,318,299
662,14,405,40,1178,100.0,100.0,0.1,318,308
663,12,404,40,1178,100.0,100.0,-0.7,336,313
664,12,405,40,1175,100.0,100.0,0.0,336,290
665,14,404,40,1175,100.0,100.0,0.0,340,308
666,12,404,40,1176,100.0,100.0,0.1,332,308
667,14,404,40,1164,100.0,100.0,-0.7,332,308
668,12,402,40,1154,100.0,100.0,0.0,318,313
669,14,401,40,1155,100.0,100.0,0.0,318,318
670,16,400,40,1174,100.0,100.0,-0.7,327,308
671,12,400,40,1173,100.0,100.0,0.1,327,299
672,16,400,40,1182,100.0,100.0,0.0,327,290
673,16,401,40,1185,100.0,100.0,0.1,322,322
674,16,401,40,1176,100.0,100.0,0.1,322,299
675,16,400,40,1172,100.0,100.0,0.1,332,322
676,18,400,40,1173,100.0,100.0,0.0,332,308
677,18,399,40,1174,100.0,100.0,-0.7,332,313
678,18,399,40,1168,100.0,100.0,0.1,332,304
679,18,400,40,1178,100.0,100.0,0.0,345,308
680,18,400,40,1173,100.0,100.0,0.0,349,322
681,20,400,40,1174,100.0,100.0,0.0,349,322
682,20,400,40,1179,100.0,100.0,-0.7,349,322
683,20,400,40,1173,100.0,100.0,0.0,349,336
684,18,400,40,1175,100.0,100.0,-0.7,354,318
685,18,400,40,1187,100.0,100.0,-0.7,354,327
686,16,401,40,1191,100.0,100.0,0.0,373,327
687,18,402,40,1201,100.0,100.0,-0.7,359,322
688,18,404,40,1194,100.0,100.0,-0.7,359,345
689,18,404,40,1188,100.0,100.0,0.0,359,340
690,16,404,40,1178,100.0,100.0,-0.7,359,332
691,14,404,40,1179,100.0,100.0,0.1,354,327
692,14,404,40,1177,100.0,100.0,0.0,354,345
693,14,403,40,1176,100.0,100.0,-0.7,368,327
694,16,403,40,1173,100.0,100.0,0.0,354,327
695,14,403,40,1176,100.0,100.0,0.0,354,345
696,14,403,40,1171,100.0,100.0,0.0,368,340
697,14,403,40,1171,100.0,100.0,0.0,368,327
698,16,403,40,1184,100.0,100.0,0.0,373,327
699,14,404,40,1191,100.0,100.0,0.0,373,322
700,14,404,40,1190,100.0,100.0,0.0,368,332
701,12,404,40,1190,100.0,100.0,0.0,349,340
702,14,405,40,1180,100.0,100.0,-0.7,349,332
703,14,404,40,1183,100.0,100.0,0.0,340,322
704,14,405,40,1186,100.0,100.0,0.0,340,340
705,14,405,40,1179,100.0,100.0,-0.7,368,322
706,14,405,40,1180,100.0,100.0,-0.7,368,318
707,14,405,40,1182,100.0,100.0,0.0,345,332
708,14,404,40,1175,100.0,100.0,-0.7,359,327
709,10,404,40,1177,100.0,100.0,-0.7,359,322
710,12,404,40,1165,100.0,100.0,-0.7,359,318
711,14,403,40,1158,100.0,100.0,0.0,359,336
712,14,402,40,1159,100.0,100.0,0.0,359,327
713,16,402,40,1164,100.0,100.0,-0.7,359,327
714,14,401,40,1170,100.0,100.0,0.1,359,318
715,14,401,40,1172,100.0,100.0,-0.7,363,340
716,16,402,40,1176,100.0,100.0,0.0,363,318
717,14,403,40,1186,100.0,100.0,0.0,354,322
718,14,403,40,1191,100.0,100.0,0.0,354,332
719,14,404,40,1198,100.0,100.0,-0.7,363,327
720,14,405,40,1192,100.0,100.0,0.1,363,332
721,12,405,40,1192,100.0,100.0,0.0,345,332
722,12,406,40,1185,100.0,100.0,0.0,363,327
723,12,406,40,1180,100.0,100.0,0.0,363,322
724,12,406,40,1183,100.0,100.0,0.0,340,318
725,14,405,40,1182,100.0,100.0,-0.7,340,332
726,12,405,40,1182,100.0,100.0,0.1,336,318
727,12,406,40,1182,100.0,100.0,0.0,336,322
728,12,405,40,1180,100.0,100.0,0.0,349,308
729,10,405,40,1177,100.0,100.0,0.0,332,308
730,12,405,40,1172,100.0,100.0,0.1,332,322
731,12,405,40,1173,100.0,100.0,0.0,345,313
732,12,405,40,1179,100.0,100.0,0.0,345,322
733,10,405,40,1182,100.0,100.0,-0.7,345,308
734,12,405,40,1182,100.0,100.0,-0.7,345,308
735,10,405,40,1176,100.0,100.0,0.0,327,322
736,12,405,40,1178,100.0,100.0,0.0,327,327
737,10,405,40,1182,100.0,100.0,0.1,345,308
738,12,405,40,1176,100.0,100.0,0.1,345,318
739,10,406,40,1182,100.0,100.0,0.0,340,299
740,12,406,40,1178,100.0,100.0,0.0,340,308
741,12,405,40,1175,100.0,100.0,-0.7,322,313
742,12,405,40,1171,100.0,100.0,0.1,322,318
743,10,405,40,1168,100.0,100.0,0.1,336,313
744,12,405,40,1176,100.0,100.0,0.0,318,308
745,12,404,40,1173,100.0,100.0,0.0,318,299
746,12,404,40,1181,100.0,100.0,-0.7,322,308
747,12,405,40,1188,100.0,100.0,-0.7,322,308
748,14,405,40,1187,100.0,100.0,0.0,327,318
749,12,406,40,1187,100.0,100.0,0.0,327,308
750,10,406,40,1186,100.0,100.0,-0.7,336,308
751,10,406,40,1177,100.0,100.0,0.1,340,304
752,10,407,40,1179,100.0,100.0,0.0,340,308
753,12,407,40,1182,100.0,100.0,0.1,318,304
754,12,406,40,1179,100.0,100.0,0.0,318,308
755,12,406,40,1173,100.0,100.0,0.0,327,299
756,12,406,40,1172,100.0,100.0,0.0,327,308
757,12,405,40,1179,100.0,100.0,0.0,327,285
758,12,406,40,1180,100.0,100.0,-0.7,332,313
759,8,405,40,1182,100.0,100.0,0.0,332,304
760,10,406,40,1187,100.0,100.0,0.0,318,290
761,10,406,40,1179,100.0,100.0,0.0,318,290
762,10,406,40,1179,100.0,100.0,0.0,332,304
763,10,407,40,1181,100.0,100.0,0.0,332,308
764,12,406,40,1180,100.0,100.0,0.0,332,276
765,12,406,40,1175,100.0,100.0,0.1,304,299
766,10,406,40,1175,100.0,100.0,0.0,304,285
767,10,406,40,1177,100.0,100.0,0.1,313,304
768,10,406,40,1176,100.0,100.0,0.0,313,299
769,12,406,40,1176,100.0,100.0,0.0,308,285
770,8,405,40,1170,100.0,100.0,0.0,308,285
771,12,405,40,1177,100.0,100.0,0.1,318,276
772,12,405,40,1179,100.0,100.0,0.0,318,290
773,12,406,40,1173,100.0,100.0,0.0,318,299
774,12,405,40,1179,100.0,100.0,0.0,313,280
775,10,405,40,1179,100.0,100.0,0.0,313,299
776,10,406,40,1175,100.0,100.0,0.0,327,290
777,10,406,40,1181,100.0,100.0,0.0,327,280
778,12,405,40,1171,100.0,100.0,0.0,304,285
779,12,405,40,1170,100.0,100.0,0.0,327,271
780,10,405,40,1180,100.0,100.0,0.1,327,285
781,12,405,40,1179,100.0,100.0,0.0,308,280
782,10,405,40,1176,100.0,100.0,0.0,308,285
783,12,405,40,1179,100.0,100.0,0.0,318,271
784,10,405,40,1181,100.0,100.0,0.0,318,285
785,10,405,40,1175,100.0,100.0,0.1,318,285
786,10,406,40,1176,100.0,100.0,0.0,322,280
787,12,405,40,1174,100.0,100.0,-0.7,322,290
788,10,405,40,1174,100.0,100.0,0.0,318,280
789,10,405,40,1178,100.0,100.0,0.0,318,276
790,12,405,40,1178,100.0,100.0,-0.7,304,290
791,12,405,40,1176,100.0,100.0,0.0,322,290
792,14,405,40,1178,100.0,100.0,-0.7,322,271
793,10,406,40,1185,100.0,100.0,0.0,290,299
794,10,405,40,1182,100.0,100.0,-0.7,290,266
795,12,406,40,1182,100.0,100.0,0.1,322,299
796,10,406,40,1176,100.0,100.0,0.1,322,271
797,10,406,40,1176,100.0,100.0,0.0,322,271
798,12,406,40,1181,100.0,100.0,0.0,308,280
799,12,406,40,1179,100.0,100.0,0.0,308,280
800,12,406,40,1177,100.0,100.0,-0.7,318,271
801,10,405,40,1178,100.0,100.0,0.0,318,276
802,10,406,40,1174,100.0,100.0,0.0,322,299
803,10,405,40,1181,100.0,100.0,0.0,322,299
804,10,405,40,1179,100.0,100.0,0.0,318,271
805,10,405,40,1175,100.0,100.0,0.1,304,280
806,10,405,40,1173,100.0,100.0,0.0,304,280
807,10,405,40,1176,100.0,100.0,0.0,318,285
808,10,406,40,1176,100.0,100.0,0.0,318,280
809,10,406,40,1181,100.0,100.0,0.1,299,280
810,10,406,40,1177,100.0,100.0,0.0,299,266
811,10,406,40,1181,100.0,100.0,0.0,322,271
812,12,406,40,1178,100.0,100.0,0.0,290,285
813,10,405,40,1177,100.0,100.0,-0.7,290,276
814,10,405,40,1176,100.0,100.0,0.0,308,266
815,10,406,40,1182,100.0,100.0,0.0,308,266
816,12,406,40,1176,100.0,100.0,0.0,290,280
817,12,405,40,1177,100.0,100.0,0.0,290,271
818,10,406,40,1175,100.0,100.0,0.0,308,266
819,12,405,40,1177,100.0,100.0,0.1,308,276
820,10,405,40,1177,100.0,100.0,-0.7,318,285
821,10,405,40,1180,100.0,100.0,0.0,290,285
822,12,405,40,1181,100.0,100.0,0.0,290,285
823,10,406,40,1181,100.0,100.0,-0.7,313,262
824,10,405,40,1180,100.0,100.0,0.1,313,266
825,10,406,40,1175,100.0,100.0,0.0,290,262
826,10,406,40,1179,100.0,100.0,0.1,290,280
827,10,406,40,1178,100.0,100.0,0.0,308,271
828,10,406,40,1177,100.0,100.0,0.0,299,266
829,10,406,40,1178,100.0,100.0,0.0,299,280
830,10,406,40,1176,100.0,100.0,0.0,308,276
831,10,406,40,1175,100.0,100.0,-0.7,308,285
832,10,406,40,1179,100.0,100.0,0.0,304,285
833,12,406,40,1177,100.0,100.0,-0.7,304,285
834,10,405,40,1179,100.0,100.0,0.0,308,285
835,12,406,40,1178,100.0,100.0,0.0,308,266
836,10,406,40,1175,100.0,100.0,0.1,308,290
837,10,406,40,1175,100.0,100.0,0.0,318,266
838,12,406,40,1176,100.0,100.0,0.0,318,266
839,10,405,40,1171,100.0,100.0,0.1,308,276
840,12,405,40,1162,100.0,100.0,0.0,308,276
841,12,405,40,1162,100.0,100.0,0.0,313,285
842,10,404,40,1162,100.0,100.0,-0.7,313,271
843,12,404,40,1177,100.0,100.0,0.0,313,271
844,12,404,40,1186,100.0,100.0,0.1,308,266
845,10,404,40,1189,100.0,100.0,0.0,308,266
846,12,405,40,1188,100.0,100.0,0.0,299,266
847,10,406,40,1187,100.0,100.0,0.1,299,271
848,10,406,40,1178,100.0,100.0,0.0,313,266
849,10,406,40,1179,100.0,100.0,0.1,313,266
850,10,406,40,1177,100.0,100.0,0.0,313,280
851,12,406,40,1180,100.0,100.0,0.1,299,276
852,12,406,40,1180,100.0,100.0,0.0,299,285
853,12,406,40,1179,100.0,100.0,0.1,290,290
854,12,406,40,1179,100.0,100.0,0.0,290,266
855,12,407,40,1176,100.0,100.0,0.0,285,266
856,12,406,40,1180,100.0,100.0,-0.7,313,285
857,10,406,40,1181,100.0,100.0,0.0,313,285
858,12,406,40,1177,100.0,100.0,0.0,313,266
859,12,406,40,1179,100.0,100.0,0.1,313,276
860,10,406,40,1177,100.0,100.0,0.0,313,266
861,10,406,40,1175,100.0,100.0,-0.7,304,285
862,12,406,40,1175,100.0,100.0,0.0,304,271
863,10,406,40,1179,100.0,100.0,0.0,290,285
864,10,406,40,1177,100.0,100.0,0.0,290,262
865,10,406,40,1181,100.0,100.0,-0.7,304,271
866,10,406,40,1176,100.0,100.0,-0.7,304,280
867,10,406,40,1181,100.0,100.0,0.1,313,276
868,12,406,40,1179,100.0,100.0,0.1,304,262
869,10,406,40,1174,100.0,100.0,0.0,304,262
870,10,406,40,1181,100.0,100.0,0.0,285,285
871,12,406,40,1179,100.0,100.0,0.1,285,280
872,10,405,40,1173,100.0,100.0,0.1,308,280
873,12,405,40,1176,100.0,100.0,0.0,308,280
874,10,406,40,1175,100.0,100.0,0.0,290,271
875,12,406,40,1175,100.0,100.0,-0.7,304,276
876,10,406,40,1175,100.0,100.0,0.1,304,280
877,10,405,40,1179,100.0,100.0,-0.7,313,266
878,10,406,40,1176,100.0,100.0,0.1,313,262
879,10,406,40,1181,100.0,100.0,0.0,313,271
880,10,405,40,1181,100.0,100.0,0.1,313,271
881,10,406,40,1179,100.0,100.0,0.1,308,271
882,10,406,40,1178,100.0,100.0,0.1,285,262
883,10,405,40,1178,100.0,100.0,0.0,285,271
884,10,406,40,1175,100.0,100.0,0.0,304,257
885,10,406,40,1175,100.0,100.0,0.0,304,271
886,12,405,40,1176,100.0,100.0,0.0,285,257
887,10,405,40,1177,100.0,100.0,0.0,285,262
888,10,406,40,1179,100.0,100.0,-0.7,304,262
889,10,406,40,1178,100.0,100.0,0.1,290,266
890,8,406,40,1180,100.0,100.0,0.0,290,276
891,10,406,40,1178,100.0,100.0,0.0,313,257
892,10,406,40,1173,100.0,100.0,-0.7,313,280
893,10,405,40,1174,100.0,100.0,0.0,290,280
894,12,406,40,1179,100.0,100.0,-0.7,290,266
895,10,405,40,1178,100.0,100.0,0.1,308,280
896,12,405,40,1178,100.0,100.0,0.0,290,262
897,10,405,40,1181,100.0,100.0,0.1,290,257
898,12,405,40,1178,100.0,100.0,-0.7,304,271
899,10,406,40,1180,100.0,100.0,0.1,304,276
900,10,406,40,1180,100.0,100.0,0.0,304,280
901,10,406,40,1176,100.0,100.0,0.0,304,262
902,10,406,40,1183,100.0,100.0,-0.7,313,276
903,10,406,40,1181,100.0,100.0,0.1,313,276
904,10,406,40,1175,100.0,100.0,-0.7,313,271
905,12,406,40,1178,100.0,100.0,0.0,290,271
906,10,406,40,1176,100.0,100.0,0.0,290,276
907,10,406,40,1178,100.0,100.0,0.1,299,257
908,10,406,40,1183,100.0,100.0,0.0,299,262
909,10,406,40,1181,100.0,100.0,0.1,285,266
910,12,405,40,1179,100.0,100.0,0.0,285,266
911,10,406,40,1180,100.0,100.0,-0.7,285,280
912,10,406,40,1175,100.0,100.0,0.1,280,280
913,10,405,40,1179,100.0,100.0,-0.7,280,271
914,10,406,40,1176,100.0,100.0,0.0,285,266
915,12,406,40,1178,100.0,100.0,-0.7,285,266
916,10,406,40,1179,100.0,100.0,0.0,285,271
917,10,407,40,1177,100.0,100.0,0.0,313,266
918,10,406,40,1172,100.0,100.0,0.0,313,266
919,10,406,40,1178,100.0,100.0,0.0,299,262
920,8,406,40,1178,100.0,100.0,0.1,299,280
921,10,405,40,1175,100.0,100.0,0.0,313,271
922,8,406,40,1179,100.0,100.0,0.1,313,271
923,10,405,40,1173,100.0,100.0,-0.7,308,271
924,10,405,40,1173,100.0,100.0,0.0,285,276
925,10,406,40,1177,100.0,100.0,0.0,285,266
926,8,405,40,1175,100.0,100.0,0.1,280,271
927,10,406,40,1175,100.0,100.0,0.0,280,280
928,12,406,40,1179,100.0,100.0,0.0,313,262
929,12,406,40,1179,100.0,100.0,0.1,313,262
930,10,405,40,1177,100.0,100.0,0.0,304,271
931,10,406,40,1175,100.0,100.0,0.0,304,257
932,10,406,40,1174,100.0,100.0,0.0,285,262
933,10,405,40,1174,100.0,100.0,0.1,285,257
934,12,406,40,1177,100.0,100.0,0.1,304,271
935,8,405,40,1177,100.0,100.0,0.1,285,280
936,10,405,40,1176,100.0,100.0,0.1,285,262
937,8,406,40,1179,100.0,100.0,0.0,299,262
938,12,406,40,1177,100.0,100.0,-0.7,299,280
939,10,406,40,1176,100.0,100.0,0.0,299,276
940,12,406,40,1177,100.0,100.0,-0.7,299,271
941,12,406,40,1182,100.0,100.0,-0.7,299,266
942,10,406,40,1182,100.0,100.0,0.1,299,266
943,12,406,40,1178,100.0,100.0,0.0,308,276
944,10,405,40,1174,100.0,100.0,0.1,308,271
945,10,405,40,1177,100.0,100.0,0.0,299,271
946,10,406,40,1175,100.0,100.0,0.0,299,276
947,10,406,40,1176,100.0,100.0,0.0,308,257
948,8,406,40,1176,100.0,100.0,0.0,304,280
949,8,406,40,1176,100.0,100.0,0.0,304,280
950,10,406,40,1175,100.0,100.0,0.1,285,280
951,10,405,40,1182,100.0,100.0,0.0,285,271
952,10,405,40,1178,100.0,100.0,-0.7,308,280
953,10,406,40,1175,100.0,100.0,0.0,308,280
954,10,406,40,1178,100.0,100.0,0.0,304,266
955,8,405,40,1176,100.0,100.0,0.1,299,257
956,10,406,40,1178,100.0,100.0,-0.7,299,276
957,10,406,40,1180,100.0,100.0,0.0,299,276
958,10,406,40,1178,100.0,100.0,0.0,299,257
959,12,405,40,1179,100.0,100.0,0.1,285,276
960,12,406,40,1178,100.0,100.0,0.1,285,276
961,10,405,40,1174,100.0,100.0,-0.7,304,262
962,10,405,40,1178,100.0,100.0,0.0,290,280
963,12,405,40,1178,100.0,100.0,0.0,290,280
964,12,406,40,1175,100.0,100.0,-0.7,308,262
965,10,405,40,1176,100.0,100.0,0.1,308,266
966,10,406,40,1175,100.0,100.0,-0.7,299,271
967,10,405,40,1179,100.0,100.0,0.0,299,257
968,10,406,40,1183,100.0,100.0,0.0,313,257
969,10,406,40,1181,100.0,100.0,0.0,304,276
970,10,406,40,1179,100.0,100.0,0.0,304,266
971,10,406,40,1180,100.0,100.0,-0.7,299,271
972,10,406,40,1179,100.0,100.0,0.0,299,266
973,10,406,40,1181,100.0,100.0,-0.7,313,266
974,10,406,40,1178,100.0,100.0,-0.7,313,266
975,12,405,40,1175,100.0,100.0,0.0,285,280
976,10,406,40,1178,100.0,100.0,0.1,308,257
977,12,406,40,1178,100.0,100.0,-0.7,308,280
978,10,405,40,1175,100.0,100.0,0.0,313,280
979,10,405,40,1174,100.0,100.0,-0.7,313,271
980,12,405,40,1177,100.0,100.0,0.1,285,257
981,12,405,40,1179,100.0,100.0,-0.7,285,257
982,12,405,40,1182,100.0,100.0,0.0,304,280
983,10,405,40,1177,100.0,100.0,0.0,313,271
984,10,405,40,1177,100.0,100.0,0.1,313,266
985,10,406,40,1181,100.0,100.0,-0.7,285,276
986,12,406,40,1179,100.0,100.0,0.1,285,266
987,10,406,40,1181,100.0,100.0,-0.7,285,271
988,10,406,40,1176,100.0,100.0,0.1,285,271
989,10,406,40,1176,100.0,100.0,-0.7,290,266
990,10,406,40,1179,100.0,100.0,0.0,299,257
991,8,406,40,1176,100.0,100.0,0.1,299,271
992,10,406,40,1173,100.0,100.0,0.0,290,257
993,10,406,40,1175,100.0,100.0,0.1,290,257
994,10,405,40,1177,100.0,100.0,0.0,280,271
995,10,405,40,1182,100.0,100.0,0.0,280,257
996,12,406,40,1182,100.0,100.0,0.0,313,266
997,10,405,40,1176,100.0,100.0,0.1,308,262
998,10,405,40,1182,100.0,100.0,0.0,308,262
999,12,406,40,1181,100.0,100.0,0.0,299,262
1000,12,406,40,1177,100.0,100.0,0.0,299,252
1001,8,406,40,1183,100.0,100.0,0.0,308,266
1002,10,406,40,1179,100.0,100.0,-0.7,308,262
1003,10,406,40,1182,100.0,100.0,0.0,304,262
1004,8,406,40,1175,100.0,100.0,0.0,280,266
1005,8,406,40,1175,100.0,100.0,0.0,280,266
1006,10,406,40,1180,100.0,100.0,-0.7,290,257
1007,10,407,40,1180,100.0,100.0,0.1,290,280
1008,12,406,40,1183,100.0,100.0,0.0,285,257
1009,10,407,40,1182,100.0,100.0,0.0,285,276
1010,12,406,40,1181,100.0,100.0,0.0,285,271
1011,10,406,40,1184,100.0,100.0,0.1,280,280
1012,10,406,40,1176,100.0,100.0,0.0,280,262
1013,10,406,40,1176,100.0,100.0,0.0,280,266
1014,12,406,40,1176,100.0,100.0,-0.7,280,262
1015,10,405,40,1177,100.0,100.0,0.1,299,262
1016,10,406,40,1181,100.0,100.0,-0.7,299,262
1017,10,406,40,1182,100.0,100.0,0.0,290,271
1018,8,406,40,1183,100.0,100.0,0.1,290,262
1019,8,406,40,1181,100.0,100.0,0.1,290,266
1020,8,406,40,1174,100.0,100.0,0.0,290,271
1021,8,406,40,1179,100.0,100.0,0.0,290,262
1022,10,406,40,1178,100.0,100.0,0.0,285,271
1023,8,406,40,1175,100.0,100.0,0.0,285,262
1024,10,406,40,1177,100.0,100.0,-0.7,290,257
1025,10,406,40,1180,100.0,100.0,-0.7,280,257
1026,8,406,40,1174,100.0,100.0,0.0,280,276
1027,10,406,40,1178,100.0,100.0,0.0,280,266
1028,10,406,40,1175,100.0,100.0,0.1,280,262
1029,12,406,40,1176,100.0,100.0,-0.7,290,266
1030,10,406,40,1182,100.0,100.0,0.0,290,276
1031,10,406,40,1181,100.0,100.0,0.0,304,271
1032,10,405,40,1178,100.0,100.0,0.0,276,271
1033,10,405,40,1178,100.0,100.0,0.0,276,271
1034,10,406,40,1179,100.0,100.0,0.1,285,262
1035,10,406,40,1173,100.0,100.0,-0.7,285,262
1036,10,406,40,1176,100.0,100.0,0.1,290,266
1037,8,406,40,1180,100.0,100.0,0.0,290,266
1038,10,406,40,1181,100.0,100.0,0.1,299,257
1039,8,406,40,1181,100.0,100.0,-0.7,290,252
1040,8,406,40,1175,100.0,100.0,0.1,290,247
1041,8,406,40,1173,100.0,100.0,-0.7,304,247
1042,8,406,40,1175,100.0,100.0,0.0,304,257
1043,8,406,40,1176,100.0,100.0,0.0,280,266
1044,10,406,40,1177,100.0,100.0,0.0,280,262
1045,10,406,40,1178,100.0,100.0,0.1,276,247
1046,10,406,40,1170,100.0,100.0,0.0,276,262
1047,10,406,40,1174,100.0,100.0,0.0,276,262
1048,10,405,40,1171,100.0,100.0,0.0,280,247
1049,10,405,40,1162,100.0,100.0,0.1,280,247
1050,10,403,40,1164,100.0,100.0,-0.7,304,247
1051,12,403,40,1170,100.0,100.0,0.1,304,271
1052,10,403,40,1172,100.0,100.0,0.1,299,252
1053,10,403,40,1176,100.0,100.0,0.0,290,252
1054,12,403,40,1176,100.0,100.0,0.1,290,252
1055,10,403,40,1179,100.0,100.0,0.0,280,271
1056,10,403,40,1176,100.0,100.0,0.1,280,276
1057,12,404,40,1178,100.0,100.0,-0.7,304,257
1058,10,405,40,1193,100.0,100.0,0.1,304,266
1059,12,406,40,1193,100.0,100.0,0.0,308,280
1060,10,405,40,1181,100.0,100.0,0.0,313,262
1061,10,405,40,1181,100.0,100.0,0.0,313,262
1062,12,405,40,1173,100.0,100.0,0.0,299,262
1063,12,405,40,1177,100.0,100.0,0.0,299,257
1064,10,405,40,1184,100.0,100.0,0.0,290,276
1065,12,406,40,1186,100.0,100.0,-0.7,290,262
1066,12,406,40,1180,100.0,100.0,0.0,290,257
1067,12,406,40,1185,100.0,100.0,0.0,308,262
1068,12,406,40,1182,100.0,100.0,0.1,308,285
1069,12,406,40,1179,100.0,100.0,0.0,304,280
1070,12,406,40,1179,100.0,100.0,0.0,304,266
1071,10,406,40,1177,100.0,100.0,0.1,304,271
1072,10,406,40,1178,100.0,100.0,0.1,304,280
1073,10,406,40,1178,100.0,100.0,0.1,290,280
1074,12,405,40,1177,100.0,100.0,0.1,290,262
1075,12,405,40,1183,100.0,100.0,0.0,290,271
1076,10,406,40,1181,100.0,100.0,0.1,308,262
1077,10,406,40,1186,100.0,100.0,0.0,308,280
1078,10,406,40,1177,100.0,100.0,0.0,290,276
1079,10,406,40,1181,100.0,100.0,0.0,290,262
1080,12,406,40,1178,100.0,100.0,0.0,304,271
1081,10,406,40,1178,100.0,100.0,0.1,285,276
1082,12,406,40,1181,100.0,100.0,0.0,285,280
1083,10,406,40,1173,100.0,100.0,0.0,285,257
1084,10,405,40,1177,100.0,100.0,0.0,285,262
1085,10,405,40,1172,100.0,100.0,-0.7,299,271
1086,10,405,40,1175,100.0,100.0,-0.7,308,276
1087,12,405,40,1171,100.0,100.0,0.0,308,262
1088,12,405,40,1177,100.0,100.0,0.0,290,266
1089,10,405,40,1180,100.0,100.0,0.0,290,276
1090,10,406,40,1179,100.0,100.0,0.0,299,276
1091,10,405,40,1184,100.0,100.0,0.1,299,262
1092,8,406,40,1178,100.0,100.0,0.1,304,257
1093,10,406,40,1177,100.0,100.0,-0.7,313,257
1094,8,406,40,1179,100.0,100.0,0.0,313,257
1095,10,406,40,1173,100.0,100.0,-0.7,304,280
1096,8,406,40,1175,100.0,100.0,0.1,304,276
1097,10,405,40,1173,100.0,100.0,0.0,313,280
1098,10,404,40,1171,100.0,100.0,0.1,313,262
1099,10,405,40,1173,100.0,100.0,0.0,290,276
1100,10,404,40,1176,100.0,100.0,0.0,308,257
1101,10,404,40,1176,100.0,100.0,0.0,308,257
1102,10,404,40,1172,100.0,100.0,0.0,313,266
1103,12,405,40,1173,100.0,100.0,0.0,313,266
1104,12,405,40,1175,100.0,100.0,0.1,299,266
1105,12,405,40,1175,100.0,100.0,0.1,299,266
1106,10,404,40,1171,100.0,100.0,0.0,313,257
1107,10,404,40,1166,100.0,100.0,0.1,299,276
1108,10,403,40,1165,100.0,100.0,0.0,299,276
1109,12,403,40,1179,100.0,100.0,0.0,285,266
1110,10,404,40,1182,100.0,100.0,0.1,285,280
1111,12,404,40,1189,100.0,100.0,0.0,313,271
1112,12,405,40,1184,100.0,100.0,0.1,313,262
1113,12,405,40,1190,100.0,100.0,0.1,299,276
1114,10,406,40,1192,100.0,100.0,0.0,318,271
1115,10,406,40,1179,100.0,100.0,0.1,318,285
1116,12,406,40,1179,100.0,100.0,-0.7,290,266
1117,10,406,40,1177,100.0,100.0,0.1,290,271
1118,10,406,40,1177,100.0,100.0,0.0,308,285
1119,10,406,40,1179,100.0,100.0,0.1,308,271
1120,10,405,40,1175,100.0,100.0,0.0,304,280
1121,10,405,40,1175,100.0,100.0,0.0,304,280
1122,12,405,40,1180,100.0,100.0,0.0,304,285
1123,12,405,40,1176,100.0,100.0,0.1,299,280
1124,12,405,40,1180,100.0,100.0,-0.7,299,266
1125,12,405,40,1177,100.0,100.0,0.1,304,285
1126,12,405,40,1178,100.0,100.0,0.0,304,280
1127,12,405,40,1181,100.0,100.0,0.0,285,266
1128,12,406,40,1177,100.0,100.0,0.0,290,257
1129,12,406,40,1177,100.0,100.0,0.0,290,257
1130,10,406,40,1178,100.0,100.0,0.1,313,280
1131,10,406,40,1181,100.0,100.0,0.1,313,276
1132,10,405,40,1175,100.0,100.0,0.1,313,262
1133,10,405,40,1176,100.0,100.0,0.0,313,266
1134,10,405,40,1177,100.0,100.0,0.1,299,276
1135,10,405,40,1175,100.0,100.0,0.0,285,276
1136,10,405,40,1179,100.0,100.0,0.1,285,266
1137,10,405,40,1180,100.0,100.0,-0.7,299,280
1138,10,406,40,1178,100.0,100.0,0.1,299,276
1139,12,405,40,1178,100.0,100.0,0.0,308,266
1140,12,406,40,1179,100.0,100.0,0.1,308,257
1141,12,405,40,1180,100.0,100.0,0.0,290,257
1142,12,405,40,1176,100.0,100.0,0.1,304,280
1143,10,405,40,1174,100.0,100.0,0.1,304,266
1144,12,405,40,1175,100.0,100.0,0.0,313,257
1145,12,405,40,1181,100.0,100.0,0.0,313,262
1146,10,405,40,1178,100.0,100.0,0.1,285,280
1147,12,405,40,1181,100.0,100.0,-0.7,285,266
1148,8,406,40,1176,100.0,100.0,0.0,313,262
1149,8,406,40,1176,100.0,100.0,0.0,285,262
1150,8,406,40,1182,100.0,100.0,0.0,285,280
1151,10,406,40,1177,100.0,100.0,-0.7,308,271
1152,10,406,40,1183,100.0,100.0,0.1,308,276
1153,12,406,40,1179,100.0,100.0,0.0,308,266
1154,10,405,40,1177,100.0,100.0,0.0,308,257
1155,10,405,40,1178,100.0,100.0,0.0,304,280
1156,12,405,40,1178,100.0,100.0,0.1,313,276
1157,10,406,40,1176,100.0,100.0,0.0,313,271
1158,12,405,40,1180,100.0,100.0,0.1,313,271
1159,10,406,40,1177,100.0,100.0,-0.7,313,266
1160,12,406,40,1179,100.0,100.0,0.1,304,280
1161,12,406,40,1179,100.0,100.0,0.1,304,280
1162,12,406,40,1181,100.0,100.0,0.0,308,271
1163,10,406,40,1181,100.0,100.0,0.1,308,280
1164,10,406,40,1181,100.0,100.0,0.0,308,266
1165,10,406,40,1173,100.0,100.0,0.0,290,266
1166,10,405,40,1172,100.0,100.0,0.1,290,276
1167,8,405,40,1175,100.0,100.0,0.1,299,280
1168,10,405,40,1174,100.0,100.0,-0.7,299,266
1169,10,405,40,1175,100.0,100.0,0.0,280,266
1170,10,405,40,1181,100.0,100.0,0.0,308,280
1171,10,405,40,1177,100.0,100.0,0.1,308,276
1172,10,406,40,1177,100.0,100.0,0.1,290,276
1173,8,406,40,1177,100.0,100.0,0.1,290,271
1174,10,406,40,1178,100.0,100.0,0.0,285,252
1175,12,406,40,1183,100.0,100.0,0.0,285,266
1176,12,406,40,1180,100.0,100.0,0.1,313,252
1177,12,406,40,1180,100.0,100.0,0.1,290,252
1178,12,406,40,1176,100.0,100.0,0.0,290,266
1179,10,406,40,1175,100.0,100.0,0.1,299,257
1180,12,405,40,1176,100.0,100.0,0.0,299,266
1181,8,405,40,1176,100.0,100.0,0.0,285,262
1182,10,405,40,1170,100.0,100.0,0.0,285,276
1183,10,405,40,1173,100.0,100.0,0.1,285,262
1184,10,406,40,1176,100.0,100.0,0.0,280,252
1185,10,406,40,1176,100.0,100.0,0.0,280,252
1186,10,406,40,1181,100.0,100.0,0.1,304,280
1187,8,405,40,1175,100.0,100.0,0.0,304,271
1188,10,406,40,1175,100.0,100.0,0.0,280,262
1189,10,406,40,1175,100.0,100.0,0.0,280,262
1190,8,406,40,1172,100.0,100.0,0.1,313,262
1191,10,405,40,1173,100.0,100.0,0.0,290,257
1192,10,406,40,1179,100.0,100.0,0.0,290,271
1193,10,405,40,1182,100.0,100.0,0.0,290,257
1194,10,405,40,1177,100.0,100.0,0.1,290,252
1195,10,406,40,1180,100.0,100.0,0.1,308,271
1196,12,406,40,1179,100.0,100.0,0.0,308,276
1197,12,405,40,1172,100.0,100.0,0.1,299,266
1198,12,405,40,1178,100.0,100.0,0.0,304,257
1199,12,405,40,1175,100.0,100.0,0.1,304,257
1200,10,405,40,1173,100.0,100.0,0.1,304,276
1201,12,405,40,1178,100.0,100.0,0.0,304,266
1202,10,405,40,1174,100.0,100.0,0.1,280,276
1203,10,405,40,1172,100.0,100.0,0.1,280,262
1204,10,405,40,1178,100.0,100.0,0.1,313,276
1205,10,405,40,1178,100.0,100.0,0.1,308,276
1206,10,405,40,1179,100.0,100.0,0.0,308,271
1207,10,405,40,1182,100.0,100.0,-0.7,304,266
1208,10,406,40,1176,100.0,100.0,0.0,304,257
1209,10,405,40,1175,100.0,100.0,0.0,308,262
1210,10,405,40,1179,100.0,100.0,0.1,308,271
1211,10,405,40,1175,100.0,100.0,0.1,299,262
1212,12,405,40,1182,100.0,100.0,0.1,290,280
1213,12,405,40,1182,100.0,100.0,0.1,290,280
1214,10,405,40,1177,100.0,100.0,-0.7,285,266
1215,10,405,40,1173,100.0,100.0,0.0,285,262
1216,12,405,40,1178,100.0,100.0,0.1,285,280
1217,10,405,40,1173,100.0,100.0,0.1,285,271
1218,10,405,40,1175,100.0,100.0,0.0,299,262
1219,10,405,40,1172,100.0,100.0,0.0,313,271
1220,12,404,40,1166,100.0,100.0,0.0,313,266
1221,12,403,40,1152,100.0,100.0,0.1,308,262
1222,12,400,40,1149,100.0,100.0,-0.7,308,257
1223,14,399,40,1159,100.0,100.0,0.1,313,257
1224,16,398,40,1167,100.0,100.0,0.0,313,285
1225,16,398,40,1179,100.0,100.0,0.0,322,285
1226,18,398,40,1176,100.0,100.0,-0.7,332,266
1227,18,398,40,1180,100.0,100.0,0.0,332,285
1228,16,398,40,1182,100.0,100.0,0.1,322,276
1229,20,398,40,1179,100.0,100.0,0.0,322,304
1230,18,398,40,1190,100.0,100.0,-0.7,322,299
1231,18,399,40,1195,100.0,100.0,0.1,322,308
1232,16,401,40,1195,100.0,100.0,0.0,336,290
1233,16,401,40,1195,100.0,100.0,0.0,336,290
1234,16,402,40,1188,100.0,100.0,0.0,336,308
1235,18,402,40,1191,100.0,100.0,0.0,349,313
1236,18,404,40,1197,100.0,100.0,0.1,349,308
1237,16,405,40,1194,100.0,100.0,0.0,345,313
1238,14,406,40,1186,100.0,100.0,0.1,345,308
1239,14,406,40,1181,100.0,100.0,0.0,345,308
1240,14,406,40,1180,100.0,100.0,0.0,336,318
1241,14,405,40,1173,100.0,100.0,0.0,336,308
1242,14,404,40,1160,100.0,100.0,-0.7,327,308
1243,12,403,40,1159,100.0,100.0,0.1,327,308
1244,12,402,40,1172,100.0,100.0,-0.7,340,313
1245,12,402,40,1172,100.0,100.0,-0.7,349,313
1246,16,402,40,1173,100.0,100.0,0.0,349,304
1247,14,402,40,1177,100.0,100.0,0.0,327,327
1248,12,402,40,1173,100.0,100.0,0.0,327,308
1249,12,402,40,1180,100.0,100.0,0.1,340,322
1250,12,403,40,1181,100.0,100.0,0.0,340,327
1251,12,402,40,1179,100.0,100.0,0.1,327,318
1252,14,403,40,1176,100.0,100.0,0.0,327,308
1253,14,403,40,1185,100.0,100.0,0.0,327,322
1254,14,403,40,1187,100.0,100.0,0.0,354,313
1255,14,404,40,1190,100.0,100.0,0.0,354,318
1256,12,406,40,1190,100.0,100.0,0.1,349,313
1257,12,406,40,1190,100.0,100.0,0.1,349,313
1258,12,406,40,1182,100.0,100.0,0.0,349,313
1259,14,406,40,1182,100.0,100.0,0.1,336,318
1260,14,406,40,1177,100.0,100.0,-0.7,336,308
1261,14,406,40,1177,100.0,100.0,-0.7,349,308
1262,12,405,40,1183,100.0,100.0,0.0,349,327
1263,12,406,40,1176,100.0,100.0,0.0,336,318
1264,14,405,40,1181,100.0,100.0,0.1,336,313
1265,10,405,40,1179,100.0,100.0,0.0,327,322
1266,12,406,40,1177,100.0,100.0,0.0,340,322
1267,14,405,40,1178,100.0,100.0,0.1,340,322
1268,12,405,40,1178,100.0,100.0,0.1,332,304
1269,12,405,40,1179,100.0,100.0,0.1,332,322
1270,10,405,40,1182,100.0,100.0,0.1,327,318
1271,12,405,40,1177,100.0,100.0,0.1,327,299
1272,14,406,40,1184,100.0,100.0,0.0,336,304
1273,14,406,40,1184,100.0,100.0,0.0,322,304
1274,10,405,40,1181,100.0,100.0,0.1,322,318
1275,12,405,40,1180,100.0,100.0,0.1,318,304
1276,12,406,40,1175,100.0,100.0,0.1,318,304
1277,10,406,40,1175,100.0,100.0,0.1,313,299
1278,12,406,40,1176,100.0,100.0,0.1,313,304
1279,12,406,40,1176,100.0,100.0,0.1,313,290
1280,10,406,40,1181,100.0,100.0,0.0,336,308
1281,10,406,40,1181,100.0,100.0,0.0,336,308
1282,12,406,40,1181,100.0,100.0,0.0,336,290
1283,10,405,40,1177,100.0,100.0,-0.7,336,299
1284,10,406,40,1177,100.0,100.0,0.1,308,290
1285,10,406,40,1177,100.0,100.0,0.1,308,290
1286,10,406,40,1177,100.0,100.0,0.0,332,308
1287,10,406,40,1181,100.0,100.0,0.0,322,304
1288,12,406,40,1181,100.0,100.0,0.0,322,276
1289,12,406,40,1173,100.0,100.0,0.0,327,304
1290,10,405,40,1168,100.0,100.0,0.0,327,290
1291,10,405,40,1171,100.0,100.0,0.0,318,276
1292,10,405,40,1171,100.0,100.0,0.1,318,299
1293,12,405,40,1177,100.0,100.0,0.1,322,299
1294,10,404,40,1173,100.0,100.0,0.0,313,290
1295,12,405,40,1177,100.0,100.0,0.1,313,304
1296,12,404,40,1178,100.0,100.0,0.0,318,280
1297,12,405,40,1177,100.0,100.0,0.1,318,290
1298,12,404,40,1179,100.0,100.0,0.1,327,290
1299,12,405,40,1181,100.0,100.0,0.0,327,299
1300,12,405,40,1178,100.0,100.0,0.0,332,299
1301,12,405,40,1178,100.0,100.0,0.0,313,299
1302,12,405,40,1182,100.0,100.0,0.0,313,299
1303,12,405,40,1175,100.0,100.0,0.1,304,280
1304,12,404,40,1179,100.0,100.0,0.1,304,276
1305,10,404,40,1179,100.0,100.0,0.0,313,290
1306,12,405,40,1178,100.0,100.0,0.0,313,276
1307,10,404,40,1177,100.0,100.0,-0.7,304,290
1308,12,404,40,1170,100.0,100.0,0.0,327,285
1309,12,404,40,1170,100.0,100.0,0.0,327,285
1310,12,404,40,1177,100.0,100.0,0.1,308,299
1311,12,404,40,1177,100.0,100.0,-0.7,308,285
1312,12,405,40,1179,100.0,100.0,0.0,322,280
1313,10,405,40,1182,100.0,100.0,0.0,322,290
1314,10,404,40,1177,100.0,100.0,0.1,332,304
1315,12,405,40,1178,100.0,100.0,-0.7,332,299
1316,12,405,40,1178,100.0,100.0,0.1,332,276
1317,12,405,40,1178,100.0,100.0,0.1,327,276
1318,12,405,40,1177,100.0,100.0,0.0,327,290
1319,12,405,40,1177,100.0,100.0,0.0,308,290
1320,12,405,40,1179,100.0,100.0,0.1,308,285
1321,10,405,40,1179,100.0,100.0,0.1,313,285
1322,12,405,40,1175,100.0,100.0,0.0,308,280
1323,10,405,40,1178,100.0,100.0,-0.7,308,276
1324,10,404,40,1178,100.0,100.0,0.0,308,290
1325,10,404,40,1175,100.0,100.0,0.0,308,290
1326,12,405,40,1178,100.0,100.0,0.1,322,285
1327,12,405,40,1179,100.0,100.0,0.0,322,299
1328,12,405,40,1173,100.0,100.0,0.0,313,290
1329,12,405,40,1173,100.0,100.0,0.0,322,290
1330,10,404,40,1178,100.0,100.0,0.1,322,304
1331,12,404,40,1173,100.0,100.0,0.1,322,280
1332,12,404,40,1173,100.0,100.0,0.1,322,280
1333,12,403,40,1168,100.0,100.0,0.0,327,280
1334,10,403,40,1167,100.0,100.0,0.0,327,290
1335,12,403,40,1175,100.0,100.0,0.0,318,276
1336,12,403,40,1193,100.0,100.0,-0.7,313,285
1337,12,403,40,1193,100.0,100.0,-0.7,313,285
1338,12,404,40,1192,100.0,100.0,0.0,332,290
1339,12,405,40,1187,100.0,100.0,0.1,332,299
1340,12,405,40,1189,100.0,100.0,0.0,304,276
1341,12,405,40,1180,100.0,100.0,0.1,304,290
1342,10,406,40,1186,100.0,100.0,-0.7,313,290
1343,10,405,40,1179,100.0,100.0,0.1,304,280
1344,14,405,40,1180,100.0,100.0,0.0,304,276
1345,14,405,40,1180,100.0,100.0,0.0,304,276
1346,10,406,40,1178,100.0,100.0,0.0,304,276
1347,10,405,40,1178,100.0,100.0,0.0,313,285
1348,12,405,40,1178,100.0,100.0,0.1,313,276
1349,10,405,40,1172,100.0,100.0,0.0,308,290
1350,12,405,40,1177,100.0,100.0,0.0,308,285
1351,10,405,40,1175,100.0,100.0,0.1,308,290
1352,12,404,40,1172,100.0,100.0,0.1,327,299
1353,12,404,40,1170,100.0,100.0,0.0,327,304
1354,12,404,40,1176,100.0,100.0,0.1,313,290
1355,12,404,40,1172,100.0,100.0,0.0,313,271
1356,12,404,40,1178,100.0,100.0,0.1,322,299
1357,12,404,40,1178,100.0,100.0,0.1,318,299
1358,12,404,40,1181,100.0,100.0,0.0,318,299
1359,14,405,40,1179,100.0,100.0,-0.7,299,290
1360,12,405,40,1182,100.0,100.0,0.1,299,299
1361,10,405,40,1182,100.0,100.0,0.0,299,285
1362,8,405,40,1183,100.0,100.0,0.1,299,285
1363,12,405,40,1168,100.0,100.0,0.1,313,285
1364,10,405,40,1160,100.0,100.0,0.1,308,280
1365,10,405,40,1160,100.0,100.0,0.1,308,280
1366,12,404,40,1161,100.0,100.0,0.1,308,276
1367,12,402,40,1171,100.0,100.0,0.1,308,280
1368,10,403,40,1192,100.0,100.0,0.1,322,271
1369,12,403,40,1195,100.0,100.0,0.1,322,299
1370,12,403,40,1195,100.0,100.0,0.1,313,299
1371,12,405,40,1185,100.0,100.0,0.1,304,304
1372,10,405,40,1177,100.0,100.0,0.0,304,290
1373,10,405,40,1177,100.0,100.0,0.0,304,290
1374,12,405,40,1172,100.0,100.0,0.1,304,276
1375,10,404,40,1173,100.0,100.0,0.0,327,290
1376,12,404,40,1172,100.0,100.0,0.0,308,304
1377,12,404,40,1172,100.0,100.0,0.0,308,304
1378,14,404,40,1170,100.0,100.0,0.0,322,285
1379,12,403,40,1171,100.0,100.0,0.1,322,276
1380,12,403,40,1190,100.0,100.0,0.0,318,290
1381,12,403,40,1190,100.0,100.0,0.0,318,290
1382,14,404,41,1193,100.0,100.0,0.0,308,290
1383,12,405,40,1190,100.0,100.0,-0.7,318,290
1384,12,405,40,1182,100.0,100.0,0.1,318,299
1385,12,405,40,1182,100.0,100.0,0.1,332,299
1386,12,405,40,1177,100.0,100.0,0.1,332,280
1387,12,405,40,1171,100.0,100.0,0.1,322,290
1388,12,405,40,1173,100.0,100.0,0.1,322,280
1389,14,404,40,1170,100.0,100.0,-0.7,308,276
1390,12,403,40,1168,100.0,100.0,0.1,322,290
1391,14,403,40,1176,100.0,100.0,0.1,322,304
1392,12,404,40,1176,100.0,100.0,0.1,318,299
1393,14,404,40,1180,100.0,100.0,0.0,318,285
1394,12,404,40,1180,100.0,100.0,-0.7,313,299
1395,14,404,40,1176,100.0,100.0,0.1,313,304
1396,14,403,40,1178,100.0,100.0,-0.7,313,304
1397,14,403,40,1178,100.0,100.0,-0.7,308,304
1398,12,404,40,1182,100.0,100.0,0.1,308,299
1399,12,404,40,1186,100.0,100.0,0.1,332,285
1400,12,405,40,1187,100.0,100.0,0.1,332,285
1401,12,405,40,1187,100.0,100.0,0.1,322,285
1402,10,405,40,1186,100.0,100.0,0.0,322,308
1403,14,406,40,1189,100.0,100.0,0.2,313,290
1404,12,406,40,1186,100.0,100.0,0.0,318,308
1405,12,406,40,1186,100.0,100.0,0.0,318,308
1406,14,406,40,1179,100.0,100.0,0.1,322,304
1407,12,406,40,1178,100.0,100.0,0.1,322,285
1408,12,406,40,1172,100.0,100.0,0.1,304,290
1409,12,406,40,1172,100.0,100.0,0.1,304,290
1410,10,406,40,1176,100.0,100.0,0.1,318,299
1411,12,405,40,1171,100.0,100.0,0.1,322,304
1412,12,405,40,1173,100.0,100.0,0.0,322,280
1413,12,405,40,1173,100.0,100.0,0.0,322,280
1414,10,404,40,1175,100.0,100.0,0.0,322,290
1415,10,404,40,1180,100.0,100.0,0.0,318,280
1416,12,405,40,1178,100.0,100.0,0.1,318,290
1417,12,405,40,1178,100.0,100.0,0.1,318,290
1418,10,405,40,1174,100.0,100.0,0.1,304,285
1419,12,404,40,1179,100.0,100.0,0.1,304,290
1420,12,404,40,1177,100.0,100.0,0.0,322,276
1421,12,404,40,1177,100.0,100.0,0.0,322,276
1422,12,404,40,1173,100.0,100.0,0.0,322,276
1423,10,404,40,1177,100.0,100.0,0.0,322,290
1424,10,404,40,1181,100.0,100.0,0.1,308,290
1425,10,404,40,1181,100.0,100.0,0.1,322,290
1426,12,405,40,1181,100.0,100.0,0.1,322,285
1427,14,405,40,1176,100.0,100.0,0.0,304,299
1428,10,404,40,1179,100.0,100.0,0.1,304,304
1429,10,404,40,1181,100.0,100.0,0.1,304,304
1430,12,405,40,1175,100.0,100.0,0.0,304,285
1431,10,404,40,1177,100.0,100.0,0.1,318,280
1432,10,405,40,1177,100.0,100.0,0.1,318,276
1433,10,405,40,1177,100.0,100.0,0.1,318,276
1434,10,405,15,1149,100.0,100.0,0.0,304,290
1435,12,401,15,1062,100.0,100.0,0.0,304,304
1436,8,394,15,932,100.0,100.0,0.2,299,290
1437,8,394,15,932,100.0,100.0,0.2,299,290
1438,10,388,15,870,100.0,100.0,0.1,285,280
1439,8,378,15,836,100.0,100.0,0.1,304,280
1440,8,362,15,838,100.5,100.0,0.1,304,271
1441,8,362,15,838,100.5,100.0,0.1,280,271
1442,6,355,15,838,100.5,100.0,0.1,280,257
1443,6,352,15,844,100.5,100.5,0.1,290,266
1444,4,350,15,841,100.5,100.0,0.1,290,266
1445,4,350,15,841,100.5,100.0,0.1,271,266
1446,6,349,15,839,100.5,100.0,0.1,276,257
1447,6,347,15,841,100.0,100.5,0.1,276,252
1448,6,347,15,845,100.5,100.5,0.1,266,266
1449,6,347,15,845,100.5,100.5,0.1,266,266
1450,4,346,15,842,100.5,100.5,0.0,276,257
1451,4,346,15,841,100.5,100.0,0.1,276,247
1452,6,344,15,840,100.5,100.5,0.0,262,262
1453,6,344,15,840,100.5,100.5,0.0,266,262
1454,4,344,15,838,100.5,100.5,0.1,266,247
1455,4,343,15,840,100.5,100.5,0.0,276,242
1456,4,343,15,841,100.5,100.0,0.1,276,242
1457,2,343,15,846,100.5,100.0,0.1,271,237
1458,4,343,15,845,100.5,100.5,0.1,271,247
1459,4,342,15,844,100.5,100.5,0.1,257,247
1460,4,342,15,836,100.5,100.0,0.1,266,228
1461,4,340,15,835,100.5,100.5,0.0,266,242
1462,2,339,15,834,100.5,100.0,0.1,262,228
1463,4,338,15,835,100.0,100.0,0.1,262,242
1464,4,338,15,842,100.0,100.5,0.1,276,237
1465,4,338,15,842,100.0,100.5,0.1,276,237
1466,4,339,15,840,100.5,100.0,0.1,252,233
1467,4,339,15,834,100.0,100.0,0.1,257,233
1468,4,337,15,839,100.5,100.5,0.1,257,233
1469,4,337,15,839,100.5,100.5,0.1,252,233
1470,6,337,15,841,100.5,100.5,0.1,252,228
1471,4,339,15,850,100.5,100.5,0.1,266,237
1472,4,341,15,859,100.5,100.0,0.2,266,237
1473,4,341,15,859,100.5,100.0,0.2,257,237
1474,4,342,15,859,100.5,100.5,0.1,257,233
1475,4,345,15,857,100.5,100.0,0.1,257,237
1476,4,347,15,852,100.5,100.0,0.1,276,237
1477,4,347,15,852,100.5,100.0,0.1,276,237
1478,4,347,15,851,100.0,100.0,0.1,252,223
1479,4,347,15,848,100.5,100.0,0.1,252,223
1480,4,347,15,841,100.5,100.0,0.0,257,223
1481,4,347,15,841,100.5,100.0,0.0,247,223
1482,4,346,15,842,100.5,100.0,0.0,247,237
1483,4,345,15,841,100.5,100.0,0.1,252,242
1484,4,344,15,844,100.5,100.5,0.1,252,223
1485,4,344,15,835,100.5,100.5,0.1,242,242
1486,4,343,15,836,100.5,100.0,0.1,242,228
1487,4,343,15,840,100.5,100.5,0.0,266,237
1488,4,342,15,842,100.5,100.5,0.0,247,218
1489,4,342,15,842,100.5,100.5,0.0,247,218
1490,4,342,15,842,100.5,100.0,0.1,247,228
1491,4,342,15,839,100.5,100.0,0.0,247,233
1492,4,343,15,845,100.5,100.5,0.2,252,223
1493,4,343,15,845,100.5,100.5,0.2,252,223
1494,4,343,15,839,100.5,100.5,0.1,242,223
1495,4,342,15,843,100.5,100.0,0.1,257,228
1496,4,342,15,845,100.5,100.5,0.1,257,228
1497,4,342,15,845,100.5,100.5,0.1,252,228
1498,4,342,15,841,100.5,100.0,0.1,252,237
1499,4,341,15,839,100.5,100.5,0.1,237,233
1500,4,341,15,842,100.0,100.5,0.1,237,237
1501,4,341,15,842,100.0,100.5,0.1,252,237
1502,4,341,15,843,100.5,100.0,0.1,237,237
1503,4,342,15,847,100.5,100.0,0.1,237,237
1504,2,342,15,844,100.5,100.5,0.1,247,223
1505,2,342,15,844,100.5,100.5,0.1,247,223
1506,2,343,15,843,100.5,100.0,0.1,252,233
1507,4,343,15,842,100.5,100.0,0.1,252,223
1508,4,342,15,843,100.5,100.0,0.1,257,218
1509,4,342,15,843,100.5,100.0,0.1,242,218
1510,4,341,15,843,100.5,100.5,0.1,242,233
1511,4,341,15,844,100.5,100.0,0.1,252,218
1512,2,341,15,843,100.5,100.0,0.1,252,228
1513,4,342,15,845,100.5,100.5,0.1,242,218
1514,4,342,15,845,100.5,100.0,0.0,242,233
1515,2,342,15,846,100.5,100.5,0.0,237,218
1516,4,342,15,848,100.5,100.0,0.0,247,237
1517,4,342,15,848,100.5,100.0,0.0,247,237
1518,4,343,15,846,100.5,100.0,0.1,262,213
1519,2,343,15,847,100.5,100.0,0.1,262,218
1520,2,343,15,845,100.5,100.5,0.1,262,213
1521,2,343,15,845,100.5,100.5,0.1,262,213
1522,2,342,15,845,100.5,100.5,0.1,257,237
1523,4,342,15,842,100.5,100.5,0.0,252,228
1524,4,342,15,847,100.5,100.5,0.0,252,213
1525,4,342,15,847,100.5,100.5,0.0,247,213
1526,4,342,15,839,100.5,100.5,0.1,247,223
1527,4,342,15,840,100.5,100.5,0.0,252,223
1528,2,342,15,846,100.5,100.0,0.1,252,208
1529,2,342,15,846,100.5,100.0,0.1,233,208
1530,4,342,15,844,100.5,100.0,0.0,242,213
1531,4,341,15,842,100.5,100.0,0.1,242,228
1532,4,341,15,844,100.5,100.5,0.1,233,208
1533,4,341,15,844,100.5,100.5,0.1,233,208
1534,4,342,15,846,100.5,100.0,0.1,247,233
1535,4,342,15,843,100.5,100.5,0.0,247,213
1536,4,341,15,843,100.5,100.0,0.1,247,237
1537,4,341,15,843,100.5,100.0,0.1,242,237
1538,2,342,15,844,100.5,100.0,0.0,242,223
1539,2,342,15,841,100.5,100.0,0.0,252,228
1540,4,342,15,845,100.5,100.0,0.0,252,213
1541,4,341,15,845,100.5,100.5,0.0,242,233
1542,4,341,15,843,100.5,100.0,0.1,242,223
1543,4,340,15,837,100.5,100.5,0.0,242,233
1544,2,340,15,847,100.5,100.0,0.1,233,218
1545,2,340,15,847,100.5,100.0,0.1,233,218
1546,4,341,15,848,100.5,100.5,0.1,233,228
1547,2,341,15,847,100.5,100.0,0.1,233,233
1548,4,342,15,844,100.5,100.0,0.2,252,218
1549,4,342,15,844,100.5,100.0,0.2,252,218
1550,4,341,15,844,100.5,100.0,0.0,237,233
1551,4,341,15,841,100.5,100.0,0.1,257,213
1552,4,342,15,846,100.5,100.5,0.1,257,213
1553,4,342,15,846,100.5,100.5,0.1,242,213
1554,4,341,15,841,100.5,100.0,0.1,242,218
1555,4,341,15,838,100.5,100.0,0.2,237,228
1556,4,340,15,839,100.5,100.5,0.1,237,233
1557,4,340,15,839,100.5,100.5,0.1,257,233
1558,4,340,15,840,100.5,100.5,0.1,237,213
1559,4,339,15,843,100.5,100.0,0.1,237,228
1560,4,340,15,842,100.5,100.0,0.0,252,233
1561,4,340,15,842,100.5,100.0,0.0,252,233
1562,4,339,15,843,100.5,100.0,0.1,237,213
1563,4,339,15,845,100.5,100.5,0.0,242,213
1564,2,339,15,840,100.5,100.5,0.1,242,213
1565,2,339,15,840,100.5,100.5,0.1,262,213
1566,4,338,15,845,100.5,100.0,-0.7,262,237
1567,4,339,15,845,100.5,100.5,0.1,242,213
1568,4,339,15,841,100.5,100.5,0.0,242,233
1569,4,339,15,841,100.5,100.5,0.0,257,233
1570,4,339,15,847,100.5,100.5,0.1,262,228
1571,4,339,15,843,100.5,100.0,0.1,262,213
1572,4,339,15,843,100.5,100.0,0.1,237,213
1573,4,339,15,845,100.5,100.5,0.0,237,223
1574,4,338,15,842,100.5,100.5,0.1,262,233
1575,4,339,15,847,100.5,100.0,0.1,262,233
1576,4,338,15,839,100.5,100.0,0.0,237,237
1577,2,338,15,841,100.5,100.5,0.1,247,233
1578,2,338,15,841,100.5,100.5,0.1,247,233
1579,4,338,15,846,100.5,100.5,0.0,242,237
1580,4,339,15,839,100.5,100.0,0.1,242,218
1581,4,339,15,839,100.5,100.0,0.1,242,218
1582,4,338,15,845,100.5,100.5,0.1,242,237
1583,4,339,15,846,100.5,100.0,0.0,262,237
1584,4,339,15,842,100.5,100.0,0.2,252,223
1585,4,339,15,842,100.5,100.0,0.2,252,223
1586,4,339,15,842,100.5,100.0,0.1,247,228
1587,4,338,15,848,100.5,100.0,0.2,247,233
1588,2,338,15,842,100.5,100.0,0.1,257,228
1589,2,338,15,842,100.5,100.0,0.1,257,228
1590,2,339,15,845,100.0,100.5,0.1,262,218
1591,4,339,15,841,100.5,100.5,0.1,242,237
1592,4,339,15,845,100.5,100.0,0.1,242,237
1593,4,339,15,845,100.5,100.0,0.1,247,237
1594,4,339,15,846,100.5,100.0,0.1,247,228
1595,6,339,15,842,100.5,100.0,0.0,262,233
1596,4,339,15,843,100.5,100.5,0.0,262,237
1597,4,339,15,843,100.5,100.5,0.0,266,237
1598,4,340,15,847,100.5,100.0,0.1,247,223
1599,4,339,15,844,100.5,100.0,0.0,247,233
1600,4,339,15,847,100.5,100.5,0.1,266,233
1601,4,339,15,847,100.5,100.5,0.1,266,233
1602,4,339,15,847,100.5,100.5,0.1,257,223
1603,4,339,15,839,100.5,100.5,0.1,257,223
1604,6,339,15,845,100.5,100.0,0.0,242,242
1605,2,340,15,845,100.5,100.5,0.1,266,228
1606,2,340,15,845,100.5,100.5,0.1,266,228
1607,6,340,15,843,100.5,100.5,0.0,271,228
1608,4,339,15,844,100.5,100.0,0.1,271,233
1609,4,339,15,844,100.5,100.0,0.1,266,218
1610,4,339,15,847,100.5,100.0,0.1,266,233
1611,4,339,15,844,100.5,100.0,0.1,252,237
1612,4,338,15,845,100.5,100.0,0.0,266,242
1613,4,338,15,845,100.5,100.0,0.0,266,242
1614,4,338,15,847,100.5,100.0,0.1,252,223
1615,2,339,15,846,100.5,100.5,0.1,252,233
1616,2,339,15,846,100.5,100.5,0.1,247,233
1617,4,339,15,845,100.0,100.0,0.1,247,237
1618,6,339,15,846,100.5,100.0,0.0,266,237
1619,4,339,15,843,100.5,100.5,0.0,262,233
1620,4,339,15,843,100.5,100.5,0.0,262,233
1621,4,339,15,844,100.0,100.5,0.0,242,242
1622,4,339,15,845,100.0,100.0,0.0,242,237
1623,2,339,15,839,100.0,100.5,0.1,247,228
1624,4,339,15,843,100.5,100.5,0.1,247,242
1625,4,339,15,843,100.5,100.5,0.1,271,242
1626,4,338,15,838,100.5,100.0,0.2,266,237
1627,4,338,15,847,100.5,100.5,0.0,266,233
1628,4,339,15,848,100.5,100.0,0.1,257,228
1629,4,339,15,848,100.5,100.0,0.1,257,228
1630,6,339,15,844,100.5,100.0,0.1,262,237
1631,4,340,15,848,100.0,100.0,0.1,262,218
1632,6,340,15,844,100.5,100.5,0.0,257,218
1633,4,339,15,841,100.5,100.0,0.1,247,242
1634,4,339,15,841,100.5,100.0,0.1,247,242
1635,4,339,15,841,100.5,100.0,0.1,262,228
1636,4,339,15,842,100.5,100.5,0.1,262,228
1637,4,339,15,842,100.5,100.5,0.1,271,228
1638,2,339,15,841,100.5,100.5,0.1,271,228
1639,2,339,15,847,100.5,100.5,0.1,271,228
1640,6,340,15,840,100.5,100.5,0.1,247,223
1641,6,340,15,840,100.5,100.5,0.1,247,223
1642,4,339,15,843,100.5,100.0,0.0,247,247
1643,2,339,15,846,100.5,100.0,0.2,247,228
1644,2,339,15,846,100.5,100.0,0.2,247,228
1645,4,339,15,844,100.0,100.5,0.0,247,237
1646,4,339,15,840,100.5,100.5,0.1,271,242
1647,4,339,15,845,100.5,100.0,0.1,271,233
1648,2,339,15,844,100.5,100.5,0.0,257,218
1649,2,339,15,844,100.5,100.5,0.0,252,218
1650,4,339,15,840,100.5,100.0,0.1,252,242
1651,6,338,15,844,100.5,100.0,0.0,252,228
1652,4,339,15,845,100.5,100.5,0.1,252,223
1653,4,339,15,845,100.5,100.5,0.1,262,223
1654,4,338,15,846,100.5,100.5,0.0,262,223
1655,4,338,15,843,100.5,100.5,0.1,257,223
1656,4,337,15,843,100.5,100.0,0.1,266,233
1657,4,337,15,843,100.5,100.0,0.1,266,233
1658,2,338,15,844,100.5,100.0,0.0,266,247
1659,4,338,15,844,100.5,100.0,0.2,266,223
1660,4,338,15,843,100.5,100.5,0.1,271,237
1661,4,338,15,841,100.5,100.5,0.1,271,247
1662,4,338,15,841,100.5,100.5,0.1,257,247
1663,6,337,15,840,100.5,100.5,0.0,271,247
1664,4,337,15,846,100.5,100.0,0.1,271,237
1665,4,337,15,846,100.5,100.0,0.1,262,237
1666,4,337,15,843,100.5,100.0,0.1,262,228
1667,4,337,15,841,100.5,100.0,0.1,271,237
1668,4,336,15,847,100.5,100.5,0.0,271,233
1669,4,336,15,847,100.5,100.5,0.0,257,233
1670,4,337,15,845,100.5,100.0,0.0,257,237
1671,4,337,15,845,100.5,100.0,0.0,257,237
1672,4,336,15,845,100.0,100.0,0.0,266,237
1673,4,337,15,845,100.5,100.5,0.0,266,247
1674,4,337,15,845,100.5,100.0,0.2,262,228
1675,4,337,15,842,100.0,100.0,0.2,262,247
1676,4,338,15,845,100.5,100.5,0.1,266,223
1677,6,337,15,844,100.5,100.5,0.1,266,237
1678,6,337,15,843,100.5,100.0,0.0,262,237
1679,4,338,15,845,100.0,100.5,0.1,262,247
1680,4,338,15,845,100.5,100.0,0.1,262,228
1681,4,338,15,845,100.5,100.0,0.1,262,228
1682,4,338,15,844,100.5,100.0,0.1,252,242
1683,6,337,15,845,100.0,100.0,0.0,262,223
1684,4,337,15,847,100.5,100.5,0.1,262,247
1685,4,337,15,844,100.5,100.0,0.1,257,237
1686,4,337,15,842,100.5,100.5,0.2,257,252
1687,2,337,15,848,100.5,100.0,0.1,276,247
1688,4,337,15,844,100.5,100.5,0.1,276,247
1689,4,338,15,843,100.5,100.5,0.1,257,242
1690,4,338,15,842,100.5,100.5,0.1,276,242
1691,4,337,15,848,100.5,100.5,0.1,276,233
1692,4,338,15,844,100.5,100.0,0.2,257,247
1693,4,337,15,844,100.0,100.5,0.0,257,242
1694,4,337,15,840,100.5,100.0,0.0,262,247
1695,4,337,15,845,100.5,100.0,0.1,262,237
1696,4,337,15,845,100.5,100.0,0.0,276,252
1697,2,336,15,842,100.5,100.5,0.1,276,247
1698,4,337,15,841,100.5,100.5,0.1,280,257
1699,4,337,15,848,100.0,100.5,0.2,280,228
1700,6,337,15,844,100.5,100.5,0.1,276,237
1701,6,337,15,844,100.0,100.5,0.0,276,247
1702,4,337,15,846,100.0,100.5,0.0,276,247
1703,6,337,15,846,100.5,100.0,0.1,266,233
1704,6,337,15,841,100.5,100.0,0.0,266,237
1705,4,337,15,841,100.5,100.0,0.1,262,247
1706,4,337,15,845,100.0,100.0,0.0,262,242
1707,4,337,15,846,100.5,100.0,0.1,276,242
1708,4,337,15,843,100.5,100.0,0.0,276,247
1709,4,337,15,842,100.5,100.5,0.1,280,237
1710,4,337,15,845,100.5,100.5,0.0,262,242
1711,2,337,17,843,100.5,100.5,0.1,262,237
1712,6,337,24,883,100.0,100.5,0.0,276,233
1713,6,335,27,944,100.0,100.0,0.0,276,252
1714,4,342,28,998,100.0,100.5,0.1,271,252
1715,6,349,29,1031,100.0,100.0,0.1,271,242
1716,8,356,29,1046,100.0,100.0,0.0,271,252
1717,8,361,29,1038,100.0,100.0,0.1,299,257
1718,6,368,29,1031,100.0,100.0,0.1,299,266
1719,8,370,29,1029,100.0,100.0,0.1,299,262
1720,8,370,29,1027,100.0,100.0,0.0,299,247
1721,8,372,28,1024,100.0,100.0,0.1,299,276
1722,8,372,29,1026,100.0,100.0,0.1,299,262
1723,10,372,43,1061,100.0,100.0,0.1,308,280
1724,10,372,43,1104,100.0,100.0,0.0,318,266
1725,10,377,43,1142,100.0,100.0,0.1,318,266
1726,12,382,43,1178,100.0,100.0,0.1,332,271
1727,14,385,43,1196,100.0,100.0,0.1,332,285
1728,14,388,43,1210,100.0,100.0,0.1,318,290
1729,16,393,43,1220,100.0,100.0,0.1,318,299
1730,14,395,37,1223,100.0,100.0,0.0,332,313
1731,16,397,15,1123,100.0,100.0,0.1,332,318
1732,14,392,15,996,100.0,100.0,0.0,332,308
1733,14,384,15,928,100.0,100.0,0.1,359,299
1734,14,376,15,875,100.0,100.0,0.1,359,322
1735,12,367,15,848,100.0,100.0,0.1,345,313
1736,10,365,15,831,100.0,100.0,0.1,345,313
1737,12,357,15,826,100.0,100.0,0.1,332,304
1738,10,350,15,826,100.0,100.0,0.1,327,299
1739,10,342,15,834,100.0,100.5,0.1,327,318
1740,10,342,15,832,100.0,100.0,0.1,340,313
1741,8,339,15,835,100.0,100.0,0.0,340,299
1742,8,338,15,833,100.0,100.0,0.1,318,304
1743,8,337,15,839,100.5,100.0,0.2,318,304
1744,8,337,15,840,100.5,100.5,0.1,313,304
1745,6,336,15,844,100.5,100.5,0.0,318,308
1746,8,336,15,839,100.5,100.0,0.1,318,285
1747,8,336,15,841,100.0,100.0,0.1,332,304
1748,6,337,15,841,100.0,100.5,0.1,332,285
1749,6,336,15,845,100.0,100.0,0.1,318,280
1750,8,337,15,839,100.5,100.5,0.0,318,290
1751,8,337,15,841,100.5,100.0,0.1,313,285
1752,8,337,15,839,100.0,100.0,0.1,308,285
1753,6,337,15,843,100.0,100.5,0.1,308,276
1754,6,337,15,839,100.5,100.5,0.1,327,290
1755,6,337,14,844,100.0,100.5,0.0,327,304
1756,6,337,15,842,100.0,100.5,0.1,318,285
1757,6,336,15,838,100.0,100.5,0.1,318,276
1758,6,337,15,837,100.5,100.0,0.1,313,276
1759,6,337,15,842,100.5,100.5,0.2,308,290
1760,6,337,14,841,100.5,100.0,0.1,308,276
1761,6,336,15,841,100.0,100.5,0.1,318,266
1762,6,336,15,837,100.5,100.0,0.1,318,276
1763,8,336,15,840,100.5,100.5,0.0,313,290
1764,6,337,15,841,100.0,100.5,0.1,313,276
1765,6,336,15,841,100.5,100.0,0.0,313,276
1766,4,336,15,842,100.5,100.0,0.1,304,271
1767,4,336,15,842,100.0,100.5,0.1,304,285
1768,6,336,15,840,100.5,100.0,0.1,313,262
1769,4,336,22,843,100.5,100.0,0.1,313,271
1770,4,334,25,895,100.0,100.0,0.1,290,262
1771,6,336,25,960,100.0,100.5,0.1,290,285
1772,6,341,25,1005,100.0,100.0,0.0,308,271
1773,8,349,25,1007,100.0,100.0,0.0,318,262
1774,6,356,25,990,100.0,100.0,0.1,318,276
1775,8,360,45,1016,100.0,100.0,0.2,318,271
1776,10,363,50,1073,100.0,100.0,0.1,318,276
1777,10,369,50,1128,100.0,100.0,0.1,327,285
1778,10,374,50,1161,100.0,100.0,0.1,327,299
1779,12,380,50,1188,100.0,100.0,0.1,336,285
1780,12,381,15,1149,100.0,100.0,0.1,349,304
1781,12,385,15,998,100.0,100.0,0.1,349,299
1782,10,384,15,925,100.0,100.0,0.1,345,299
1783,10,377,15,866,100.0,100.0,0.1,345,313
1784,10,370,15,841,100.0,100.0,0.1,322,313
1785,10,361,15,828,100.0,100.0,0.1,322,299
1786,10,352,15,827,100.0,100.0,0.0,327,308
1787,10,346,15,831,100.0,100.0,0.2,327,313
1788,10,342,15,838,100.0,100.0,0.1,332,308
1789,8,340,15,841,100.0,100.5,0.2,313,290
1790,8,338,15,841,100.0,100.5,0.2,313,285
1791,6,337,15,844,100.0,100.0,0.1,318,299
1792,8,337,15,845,100.5,100.0,0.1,318,304
1793,8,336,15,842,100.5,100.0,0.2,308,285
1794,8,336,15,841,100.5,100.5,0.1,308,299
1795,6,336,15,845,100.0,100.5,0.1,318,290
1796,8,336,15,845,100.0,100.5,0.2,318,308
1797,6,336,15,847,100.0,100.0,0.1,318,280
1798,6,336,15,844,100.0,100.0,0.1,308,290
1799,8,336,15,844,100.0,100.0,0.0,308,304
1800,10,336,15,846,100.0,100.0,0.0,318,285
1801,6,337,15,844,100.5,100.0,0.0,318,280
1802,6,337,15,837,100.5,100.0,0.0,308,271
1803,6,336,15,841,100.5,100.5,0.1,327,299
1804,6,336,15,843,100.5,100.5,0.2,327,271
1805,6,336,15,846,100.5,100.5,0.2,304,276
1806,6,336,15,843,100.5,100.5,0.1,304,285
1807,6,337,15,846,100.5,100.0,0.0,318,290
1808,4,337,15,847,100.0,100.5,0.1,304,299
1809,4,337,15,843,100.5,100.0,0.1,304,276
1810,4,337,15,839,100.0,100.5,0.2,304,280
1811,6,336,15,843,100.5,100.5,0.1,304,290
1812,6,336,15,845,100.5,100.0,0.1,313,285
1813,6,336,15,845,100.5,100.5,0.1,313,276
1814,6,335,15,841,100.0,100.0,0.1,313,285
1815,6,336,15,843,100.5,100.5,0.1,299,276
1816,6,336,15,842,100.5,100.0,0.1,299,285
1817,4,336,15,845,100.0,100.5,0.0,285,271
1818,6,337,15,840,100.5,100.5,0.0,285,276
1819,6,337,15,843,100.5,100.0,0.1,304,290
1820,8,337,15,841,100.5,100.5,0.0,304,290
1821,6,336,15,843,100.0,100.0,0.1,308,276
1822,6,336,15,838,100.5,100.5,0.0,299,276
1823,8,336,15,845,100.5,100.5,0.0,299,285
1824,8,335,15,841,100.5,100.5,0.2,290,276
1825,6,335,15,841,100.5,100.0,0.1,290,271
1826,6,336,15,840,100.5,100.0,0.1,304,271
1827,6,335,15,846,100.5,100.5,0.1,304,257
1828,6,336,15,843,100.0,100.0,0.1,308,280
1829,6,335,14,840,100.0,100.0,0.0,290,271
1830,6,335,15,840,100.5,100.5,0.1,290,276
1831,6,336,15,845,100.5,100.5,0.2,290,266
1832,6,336,15,840,100.5,100.0,0.1,290,285
1833,6,335,15,841,100.5,100.5,0.0,299,266
1834,8,336,15,841,100.5,100.5,0.2,299,257
1835,6,336,15,846,100.0,100.0,0.0,308,280
1836,6,336,15,842,100.5,100.5,0.1,299,280
1837,6,335,15,845,100.5,100.5,0.1,299,266
1838,4,336,15,841,100.0,100.5,0.1,308,271
1839,6,336,15,844,100.0,100.0,0.1,308,262
1840,6,336,15,841,100.5,100.0,0.0,285,280
1841,6,336,15,843,100.0,100.5,0.1,285,276
1842,6,336,15,840,100.5,100.0,0.1,290,280
1843,6,336,15,844,100.5,100.5,0.1,304,262
1844,6,335,15,842,100.5,100.0,0.0,304,280
1845,6,335,15,840,100.5,100.5,0.2,299,271
1846,6,335,15,842,100.5,100.5,0.2,299,262
1847,6,335,15,839,100.5,100.5,0.0,280,262
1848,6,335,15,843,100.0,100.0,0.1,280,276
1849,8,336,15,845,100.0,100.5,0.0,304,262
1850,6,336,15,841,100.0,100.0,0.1,304,262
1851,6,336,15,842,100.0,100.0,0.1,280,262
1852,6,336,15,843,100.0,100.5,0.0,280,266
1853,8,336,15,845,100.5,100.5,0.1,285,271
1854,6,336,15,840,100.5,100.0,0.1,285,266
1855,6,336,15,840,100.5,100.5,0.2,304,266
1856,6,336,15,842,100.5,100.5,0.1,285,276
1857,8,336,15,844,100.5,100.5,0.0,285,271
1858,6,336,15,840,100.0,100.0,0.1,280,252
1859,6,335,15,840,100.5,100.0,0.1,280,262
1860,6,335,15,840,100.0,100.5,0.1,276,276
1861,4,335,15,847,100.0,100.5,0.2,276,271
1862,6,335,15,843,100.0,100.5,0.1,290,252
1863,6,335,15,843,100.5,100.5,0.1,299,257
1864,4,336,15,841,100.0,100.0,0.1,299,276
1865,6,335,15,846,100.5,100.5,0.0,299,266
1866,6,335,15,843,100.0,100.5,0.1,299,257
1867,6,336,15,841,100.5,100.0,0.1,299,257
1868,8,335,15,841,100.5,100.0,0.1,299,262
1869,8,335,15,846,100.5,100.0,0.0,299,271
1870,8,335,15,842,100.5,100.0,0.1,299,266
1871,6,335,15,840,100.5,100.5,0.1,299,247
1872,6,335,15,841,100.5,100.0,0.1,280,262
1873,6,335,15,845,100.0,100.0,0.1,280,266
1874,6,335,15,842,100.0,100.0,0.2,299,266
1875,6,335,15,845,100.5,100.5,0.2,299,262
1876,6,336,15,840,100.5,100.0,0.0,299,271
1877,4,335,15,843,100.5,100.5,0.1,304,262
1878,6,335,15,844,100.5,100.5,0.1,304,252
1879,4,335,15,845,100.5,100.5,0.1,290,262
1880,6,335,15,839,100.5,100.5,0.1,290,266
1881,6,335,15,843,100.5,100.0,0.1,299,262
1882,6,335,15,840,100.5,100.0,0.1,285,266
1883,8,335,15,837,100.5,100.0,0.2,285,252
1884,6,335,15,841,100.0,100.5,0.1,276,276
1885,6,334,15,843,100.5,100.0,0.0,276,266
1886,6,335,15,841,100.5,100.5,0.0,304,271
1887,6,334,15,843,100.5,100.0,0.2,304,252
1888,6,335,15,847,100.5,100.5,0.1,285,266
1889,6,335,15,843,100.5,100.0,0.2,304,252
1890,6,335,15,840,100.5,100.0,0.1,304,252
1891,6,335,15,843,100.5,100.5,0.2,290,257
1892,6,336,15,846,100.5,100.0,0.1,290,257
1893,8,335,15,842,100.0,100.5,0.1,285,262
1894,8,336,15,840,100.5,100.5,0.1,285,271
1895,6,335,15,841,100.0,100.0,0.1,276,257
1896,6,336,15,841,100.5,100.0,0.1,290,252
1897,6,335,15,839,100.5,100.5,0.1,290,262
1898,6,335,15,842,100.5,100.5,0.0,299,266
1899,6,334,15,844,100.0,100.5,0.1,299,257
1900,6,334,15,841,100.0,100.0,0.1,285,262
1901,8,334,15,841,100.5,100.5,0.0,285,271
1902,6,334,15,838,100.5,100.5,0.1,280,257
1903,6,333,15,845,100.0,100.0,0.2,285,257
1904,6,334,15,840,100.0,100.5,0.1,285,252
1905,6,334,15,841,100.0,100.0,0.2,290,271
1906,8,335,15,841,100.0,100.5,0.1,290,257
1907,6,334,15,846,100.0,100.0,0.0,304,257
1908,6,335,15,846,100.5,100.5,0.0,280,276
1909,6,335,15,845,100.5,100.5,0.1,280,257
1910,6,335,15,840,100.0,100.0,0.1,280,266
1911,8,335,15,843,100.5,100.0,0.1,280,247
1912,6,335,15,845,100.5,100.0,0.1,304,252
1913,8,335,20,848,100.5,100.5,0.1,304,257
1914,6,334,20,895,100.0,100.5,0.0,280,276
1915,6,335,32,943,100.0,100.0,0.1,308,276
1916,6,345,37,993,100.0,100.0,0.0,308,266
1917,10,352,37,1047,100.0,100.0,0.0,285,276
1918,8,359,14,1032,100.0,100.0,0.1,285,257
1919,10,360,14,948,100.0,100.0,0.2,290,280
1920,8,362,14,890,100.0,100.0,0.1,290,271
1921,8,357,14,848,100.0,100.0,0.1,299,276
1922,8,350,14,824,100.0,100.0,0.2,318,266
1923,8,344,14,817,100.5,100.0,0.1,318,266
1924,8,338,14,822,100.5,100.5,0.1,285,285
1925,6,335,14,828,100.5,100.0,0.0,285,271
1926,6,333,14,830,100.5,100.5,0.1,299,276
1927,6,333,14,827,100.5,100.5,0.1,299,276
1928,8,332,14,832,100.0,100.0,0.2,299,285
1929,8,331,14,835,100.5,100.5,0.1,299,285
1930,8,332,14,837,100.5,100.5,0.1,299,276
1931,8,333,14,841,100.5,100.5,0.1,304,285
1932,8,333,14,841,100.0,100.5,0.1,304,262
1933,6,333,14,838,100.5,100.0,0.1,308,285
1934,6,334,14,839,100.0,100.5,0.2,308,271
1935,6,334,14,837,100.0,100.5,0.0,285,271
1936,6,334,14,837,100.5,100.0,0.1,285,262
1937,6,334,14,838,100.0,100.5,0.1,285,280
1938,6,334,14,838,100.0,100.5,0.1,308,262
1939,8,334,14,837,100.5,100.0,0.1,308,262
1940,6,334,14,839,100.5,100.0,0.0,304,285
1941,6,333,14,836,100.5,100.0,0.1,304,280
1942,6,333,14,839,100.5,100.0,0.0,304,276
1943,8,333,14,838,100.0,100.0,0.1,285,262
1944,6,330,35,860,100.0,100.5,0.0,285,262
1945,8,333,62,936,100.0,100.5,0.1,313,266
1946,8,333,66,991,100.0,100.0,0.1,313,266
1947,10,339,68,1043,100.0,100.0,0.1,313,271
1948,8,347,68,1094,100.0,100.0,0.1,313,266
1949,10,357,68,1129,100.0,100.0,0.1,327,262
1950,10,364,68,1157,100.0,100.0,0.1,318,285
1951,12,375,68,1175,100.0,100.0,0.1,318,304
1952,14,381,68,1191,100.0,100.0,0.1,336,304
1953,16,385,68,1200,100.0,100.0,0.1,336,290
1954,18,389,68,1207,100.0,100.0,0.2,336,308
1955,18,390,68,1214,100.0,100.0,0.0,336,304
1956,20,392,68,1219,100.0,100.0,0.1,345,318
1957,20,396,68,1228,100.0,100.0,0.1,368,313
1958,20,397,47,1229,100.0,100.0,0.1,368,336
1959,20,400,22,1131,100.0,100.0,0.1,377,340
1960,18,393,17,978,100.0,100.0,0.1,377,332
1961,18,384,15,891,100.0,100.0,0.1,377,345
1962,14,374,15,850,100.0,100.0,0.1,377,349
1963,14,371,15,834,100.0,100.0,0.0,354,349
1964,12,361,15,832,100.0,100.0,0.1,359,345
1965,12,348,15,836,100.0,100.0,0.1,359,345
1966,12,343,15,837,100.0,100.5,0.1,359,332
1967,12,342,15,846,100.0,100.0,0.1,359,345
1968,10,340,15,845,100.0,100.5,0.0,349,332
1969,10,338,15,847,100.5,100.0,0.1,349,336
1970,10,338,15,844,100.0,100.5,0.1,349,313
1971,10,337,15,848,100.5,100.0,0.0,354,336
1972,8,337,15,849,100.5,100.5,0.2,354,336
1973,8,337,15,847,100.5,100.5,0.2,349,327
1974,10,337,15,849,100.0,100.5,0.1,349,336
1975,8,337,15,845,100.0,100.0,0.1,340,336
1976,8,336,15,850,100.5,100.0,0.1,354,332
1977,8,336,15,846,100.5,100.5,0.2,354,318
1978,8,335,15,847,100.5,100.5,0.1,332,322
1979,10,335,15,848,100.0,100.5,0.1,332,327
1980,8,335,15,845,100.0,100.5,0.2,349,308
"12/22/2021 22:19","Data Logging Canceled","(Total Samples = 2000 - Sample Rate = 120 Per Minute)"
