"12/22/2021 22:35","3512B Center (4TN00222)","(Total Samples = 2000 - Sample Rate = 120 Per Minute)"
"Unit Descriptions","kPa","kPa","%","RPM","kPa","kPa","kPa","Deg C","Deg C"
"Sample #","Boost Pressure","Fuel Pressure","Throttle Position","Engine Speed","Right Turbo Inlet Pressure (abs)","Left Turbo Inlet Pressure (abs)","Crankcase Pressure","Right Exhaust Temperature","Left Exhaust Temperature"
1,No Data,No Data,No Data,No Data,No Data,No Data,No Data,No Data,No Data
2,No Data,No Data,No Data,No Data,No Data,No Data,No Data,No Data,No Data
3,No Data,No Data,No Data,No Data,No Data,No Data,No Data,No Data,No Data
4,No Data,No Data,No Data,No Data,No Data,No Data,No Data,No Data,No Data
5,4,337,15,845,100.5,100.5,0.1,Timed Out,266
6,4,337,15,845,100.5,100.5,0.1,Timed Out,266
7,4,338,15,846,100.5,100.5,0.1,276,266
8,4,338,15,846,100.5,100.5,0.1,276,266
9,6,338,15,849,100.5,100.0,0.2,290,262
10,6,338,15,849,100.5,100.0,0.2,290,262
11,4,338,15,847,100.5,100.5,0.0,299,247
12,6,338,15,849,100.5,100.0,0.2,299,271
13,6,338,15,849,100.5,100.0,0.2,299,271
14,6,338,15,844,100.5,100.0,0.1,304,247
15,6,338,15,844,100.5,100.0,0.1,304,247
16,4,337,15,846,100.5,100.5,0.2,290,266
17,4,337,15,846,100.5,100.5,0.2,290,266
18,4,337,15,851,100.5,100.0,0.2,276,247
19,6,337,15,846,100.5,100.5,0.1,285,252
20,4,338,15,848,100.5,100.5,0.1,285,252
21,4,338,15,849,100.5,100.0,0.2,276,271
22,6,337,15,847,100.5,100.5,0.1,276,247
23,6,338,15,847,100.5,100.0,0.1,276,262
24,4,337,15,848,100.5,100.0,0.1,276,262
25,6,337,15,848,100.5,100.5,0.2,299,271
26,6,337,15,847,100.5,100.0,0.2,285,266
27,4,337,15,849,100.5,100.5,0.0,285,247
28,6,337,15,847,100.5,100.5,0.2,290,266
29,6,337,15,847,100.5,100.5,0.2,290,266
30,4,337,15,849,100.5,100.0,0.0,290,257
31,4,337,15,849,100.5,100.0,0.0,290,257
32,4,338,15,846,100.5,100.0,0.1,290,257
33,4,337,15,847,100.5,100.0,0.1,299,247
34,4,337,15,847,100.5,100.0,0.1,299,247
35,6,338,15,848,100.5,100.5,0.1,276,257
36,6,338,15,849,100.5,100.0,0.1,276,271
37,4,338,15,849,100.5,100.5,0.1,304,252
38,4,338,15,849,100.5,100.5,0.1,304,252
39,6,338,15,846,100.5,100.5,0.1,299,247
40,4,338,15,849,100.5,100.0,0.1,290,271
41,4,338,15,849,100.5,100.0,0.1,290,271
42,4,338,15,847,100.5,100.5,0.0,299,252
43,4,338,15,847,100.5,100.5,0.0,299,252
44,8,337,15,844,100.5,100.0,0.0,299,252
45,8,337,15,844,100.5,100.0,0.0,299,252
46,4,338,15,849,100.5,100.5,0.1,271,262
47,6,337,15,846,100.5,100.0,0.1,271,257
48,6,337,15,850,100.5,100.0,0.1,299,262
49,6,337,15,850,100.5,100.0,0.1,280,262
50,4,337,15,849,100.5,100.5,0.0,280,257
51,6,337,15,846,100.5,100.5,0.2,299,271
52,6,337,15,849,100.5,100.0,0.2,299,271
53,4,337,15,850,100.5,100.5,0.2,285,257
54,4,337,15,850,100.5,100.5,0.2,285,257
55,4,337,15,847,100.5,100.0,0.2,280,271
56,6,338,15,849,100.5,100.5,0.1,280,257
57,6,338,15,849,100.5,100.5,0.1,280,257
58,6,338,15,846,100.5,100.5,0.1,285,252
59,6,338,15,846,100.5,100.5,0.1,285,252
60,6,337,15,851,100.5,100.5,0.1,290,252
61,6,337,15,851,100.5,100.5,0.1,290,252
62,6,337,15,846,100.5,100.0,0.2,290,271
63,6,337,15,851,100.5,100.5,0.1,280,257
64,4,337,15,845,100.5,100.0,0.0,280,247
65,6,337,15,845,100.5,100.5,0.0,299,262
66,4,338,15,845,100.5,100.0,0.0,299,262
67,6,337,15,847,100.5,100.0,0.1,271,252
68,4,338,15,845,100.5,100.5,0.0,271,247
69,6,337,15,846,100.5,100.5,0.2,299,262
70,6,337,15,851,100.5,100.0,0.1,276,271
71,6,337,15,851,100.5,100.0,0.1,276,271
72,6,338,15,849,100.5,100.0,0.1,304,271
73,6,338,15,849,100.5,100.0,0.1,304,271
74,6,338,15,851,100.5,100.0,0.1,285,252
75,4,338,15,848,100.5,100.0,0.1,285,262
76,4,338,15,851,100.5,100.0,0.2,285,247
77,4,338,15,847,100.5,100.5,0.0,285,252
78,4,338,15,847,100.5,100.5,0.0,285,252
79,4,337,15,849,100.5,100.5,0.2,299,266
80,4,337,15,849,100.5,100.5,0.2,299,266
81,6,338,15,852,100.5,100.0,0.2,280,252
82,6,338,15,852,100.5,100.0,0.2,280,252
83,6,338,15,849,100.5,100.5,0.2,290,262
84,4,338,15,848,100.5,100.0,0.2,280,262
85,4,338,15,848,100.5,100.0,0.2,280,262
86,6,338,15,845,100.5,100.5,0.1,299,266
87,6,338,15,845,100.5,100.5,0.1,299,266
88,4,338,15,851,100.5,100.5,0.1,276,247
89,4,338,15,851,100.5,100.5,0.1,276,247
90,6,337,15,849,100.5,100.5,0.0,285,252
91,6,338,15,849,100.5,100.5,0.0,276,252
92,4,337,15,848,100.5,100.0,0.1,276,247
93,4,338,15,848,100.5,100.5,0.1,290,252
94,6,338,15,845,100.5,100.5,0.1,290,257
95,4,338,15,846,100.5,100.0,0.1,280,271
96,4,338,15,846,100.5,100.0,0.1,280,271
97,6,338,15,844,100.5,100.0,0.1,290,262
98,4,338,15,846,100.5,100.0,0.1,299,252
99,4,338,15,850,100.5,100.5,0.1,299,271
100,4,338,15,849,100.5,100.0,0.1,276,247
101,4,338,15,849,100.5,100.0,0.1,276,247
102,4,337,15,849,100.5,100.0,0.1,280,266
103,4,337,15,849,100.5,100.0,0.1,280,266
104,4,337,15,850,100.5,100.0,0.2,304,252
105,6,338,15,849,100.5,100.0,0.2,280,271
106,6,338,15,849,100.5,100.0,0.2,280,271
107,6,337,15,849,100.5,100.0,0.1,285,271
108,6,337,15,850,100.5,100.5,0.1,285,252
109,4,338,15,851,100.5,100.0,0.1,276,266
110,4,338,15,851,100.5,100.0,0.1,276,266
111,6,338,15,849,100.5,100.5,0.0,276,262
112,4,338,15,852,100.5,100.0,0.0,280,247
113,4,338,15,852,100.5,100.0,0.0,280,247
114,4,338,0,811,100.5,100.5,0.1,290,257
115,4,338,0,811,100.5,100.5,0.1,290,257
116,6,321,0,681,100.5,100.5,0.1,285,257
117,6,321,0,681,100.5,100.5,0.1,285,257
118,6,299,0,634,100.5,100.5,0.2,299,242
119,4,284,0,634,100.5,100.5,0.2,266,252
120,4,274,0,642,100.5,100.5,0.1,266,266
121,4,267,0,644,100.5,100.5,0.1,276,237
122,4,262,0,648,100.5,100.5,0.1,276,262
123,4,258,0,651,100.5,100.0,0.1,276,257
124,4,258,0,651,100.5,100.0,0.1,276,257
125,4,256,0,652,100.5,100.5,0.2,266,237
126,2,255,0,650,100.5,100.5,0.1,257,237
127,2,255,0,650,100.5,100.5,0.1,257,237
128,2,254,0,651,100.5,100.5,0.1,280,247
129,2,254,0,651,100.5,100.5,0.1,280,247
130,2,253,0,649,100.5,100.5,0.2,257,257
131,2,253,0,649,100.5,100.5,0.2,257,257
132,4,253,0,649,100.5,100.5,0.2,276,237
133,2,253,0,652,100.5,100.5,0.1,266,242
134,2,253,0,652,100.5,100.5,0.1,266,242
135,2,253,0,656,100.5,100.5,0.1,257,233
136,2,254,0,661,100.5,100.5,0.1,257,247
137,2,256,0,664,100.5,100.5,0.2,252,233
138,0,256,58,685,100.5,100.5,0.2,252,247
139,0,263,73,813,100.5,100.5,0.1,266,233
140,0,309,14,965,100.5,100.0,0.2,257,247
141,0,309,14,965,100.5,100.0,0.2,257,247
142,2,329,14,873,100.5,100.0,0.2,271,237
143,2,329,14,873,100.5,100.0,0.2,271,237
144,2,340,14,807,100.5,100.0,0.1,252,247
145,2,340,14,807,100.5,100.0,0.1,252,247
146,2,336,14,800,100.5,100.0,0.2,257,233
147,2,337,14,826,100.5,100.5,0.2,266,237
148,2,337,14,829,100.5,100.5,0.1,266,223
149,2,338,14,830,100.5,100.5,0.1,266,237
150,2,338,14,830,100.5,100.5,0.1,266,237
151,2,340,13,822,100.5,100.5,0.2,252,237
152,2,340,13,822,100.5,100.5,0.1,252,223
153,2,340,13,820,100.5,100.0,0.2,237,223
154,2,339,13,821,100.5,100.5,0.1,257,233
155,2,339,13,821,100.5,100.5,0.1,257,233
156,2,339,15,829,100.5,100.5,0.1,233,223
157,2,339,15,829,100.5,100.5,0.1,233,223
158,4,340,15,841,100.5,100.5,0.1,252,218
159,2,341,15,847,100.5,100.0,0.2,252,228
160,2,343,15,838,100.5,100.5,0.0,252,213
161,2,343,15,838,100.5,100.5,0.0,242,213
162,2,344,15,837,100.5,100.0,0.2,242,228
163,0,344,15,841,100.5,100.5,0.0,252,218
164,0,344,15,841,100.5,100.5,0.0,252,218
165,0,343,15,835,100.5,100.0,0.1,257,223
166,0,343,15,835,100.5,100.0,0.1,257,223
167,2,342,20,841,100.5,100.0,0.0,233,223
168,2,349,30,1010,100.5,100.0,0.1,233,199
169,2,351,30,1056,100.0,100.0,0.0,233,223
170,2,360,30,1062,100.0,100.0,0.0,237,213
171,2,360,30,1062,100.0,100.0,0.0,237,213
172,2,372,30,1034,100.0,100.0,0.0,262,223
173,2,372,30,1034,100.0,100.0,0.0,262,223
174,4,373,30,1017,100.0,100.0,0.2,247,218
175,4,374,30,1018,100.0,100.0,0.2,271,237
176,4,375,30,1034,100.0,100.0,0.0,271,218
177,6,375,30,1036,100.0,100.0,0.0,252,218
178,6,375,30,1036,100.0,100.0,0.0,252,218
179,6,377,40,1106,100.0,100.0,0.1,280,237
180,8,381,40,1153,100.0,100.0,0.1,280,228
181,8,381,40,1153,100.0,100.0,0.1,280,228
182,12,385,40,1176,100.0,100.0,0.0,280,257
183,10,389,40,1187,100.0,100.0,0.0,290,247
184,14,393,40,1175,100.0,100.0,0.0,285,257
185,14,393,40,1175,100.0,100.0,0.0,285,257
186,12,395,40,1175,100.0,100.0,0.0,304,262
187,12,395,40,1171,100.0,100.0,0.1,304,257
188,14,396,40,1166,100.0,100.0,0.0,322,280
189,14,396,40,1166,100.0,100.0,0.0,322,280
190,16,396,39,1162,100.0,100.0,0.1,313,290
191,16,396,40,1161,100.0,100.0,0.1,327,280
192,18,397,39,1162,100.0,100.0,0.0,327,276
193,16,397,40,1165,100.0,100.0,0.1,336,299
194,18,396,40,1166,100.0,100.0,0.0,336,290
195,16,397,39,1162,100.0,100.0,0.1,318,304
196,16,397,40,1160,100.0,100.0,0.0,318,290
197,18,397,40,1164,100.0,100.0,0.2,327,304
198,18,397,40,1164,100.0,100.0,0.2,327,304
199,18,397,40,1167,100.0,100.0,0.0,336,318
200,18,397,40,1168,100.0,100.0,0.0,336,308
201,18,398,40,1171,100.0,100.0,0.0,340,308
202,18,398,40,1171,100.0,100.0,0.0,340,308
203,16,398,40,1164,100.0,100.0,0.1,349,313
204,16,397,44,1176,100.0,100.0,0.0,349,322
205,20,397,44,1216,100.0,100.0,0.0,359,304
206,20,397,44,1216,100.0,100.0,0.0,359,304
207,20,401,44,1238,100.0,100.0,0.0,345,322
208,20,401,44,1236,100.0,100.0,0.0,345,318
209,20,403,44,1226,100.0,100.0,0.1,349,340
210,20,403,44,1229,100.0,100.0,0.1,363,322
211,20,404,44,1226,100.0,100.0,0.0,363,336
212,22,405,44,1228,100.0,100.0,0.1,359,345
213,20,404,44,1226,100.0,100.0,0.1,359,345
214,22,404,44,1223,100.0,100.0,0.0,377,349
215,22,404,44,1223,100.0,100.0,0.0,377,349
216,24,404,44,1220,100.0,100.0,0.1,377,340
217,22,404,44,1227,100.0,100.0,0.1,382,359
218,20,404,44,1214,100.0,100.0,0.0,382,359
219,24,404,44,1200,100.0,100.0,0.1,373,349
220,24,402,44,1199,100.0,100.0,0.0,373,340
221,24,399,44,1206,100.0,100.0,0.0,368,349
222,24,399,44,1206,100.0,100.0,0.0,368,349
223,26,398,44,1217,100.0,100.0,0.0,395,363
224,28,398,44,1233,100.0,100.0,0.0,390,349
225,28,399,44,1234,100.0,100.0,0.1,390,373
226,28,402,44,1245,100.0,100.0,0.1,386,373
227,26,403,44,1239,100.0,100.0,0.0,386,368
228,24,405,44,1235,100.0,100.0,0.1,400,363
229,24,405,44,1235,100.0,100.0,0.1,400,363
230,24,405,44,1227,100.0,100.0,0.1,414,373
231,26,405,44,1228,100.0,100.0,0.0,390,390
232,24,405,44,1231,100.0,100.0,0.0,390,377
233,24,406,44,1223,100.0,100.0,0.0,418,377
234,22,406,44,1213,100.0,100.0,0.0,418,390
235,24,404,44,1192,100.0,100.0,0.1,404,373
236,24,404,44,1192,100.0,100.0,0.1,404,373
237,26,401,44,1201,100.0,100.0,0.0,414,386
238,26,400,44,1222,100.0,100.0,0.0,418,373
239,28,401,44,1235,100.0,100.0,0.0,418,395
240,28,404,44,1239,100.0,100.0,0.1,427,390
241,24,404,44,1225,100.0,100.0,0.1,427,382
242,26,403,44,1212,100.0,100.0,0.1,427,400
243,26,403,44,1212,100.0,100.0,0.1,427,400
244,26,402,44,1222,100.0,100.0,0.0,414,404
245,26,403,44,1234,100.0,100.0,0.0,422,404
246,24,403,44,1231,100.0,100.0,0.1,422,409
247,24,404,44,1225,100.0,100.0,0.1,427,400
248,26,405,44,1225,100.0,100.0,0.1,427,395
249,24,404,44,1219,100.0,100.0,0.1,427,386
250,26,404,44,1221,100.0,100.0,0.1,427,386
251,26,404,44,1221,100.0,100.0,0.1,436,386
252,26,403,44,1210,100.0,100.0,0.0,409,404
253,24,404,44,1207,100.0,100.0,0.0,409,400
254,24,403,44,1226,100.0,100.0,0.1,427,409
255,26,403,44,1227,100.0,100.0,0.2,427,404
256,24,403,44,1224,100.0,100.0,0.0,436,395
257,24,403,44,1224,100.0,100.0,0.0,436,395
258,24,402,47,1214,100.0,100.0,0.0,422,404
259,26,403,48,1256,100.0,100.0,0.0,431,409
260,28,408,48,1292,100.0,100.0,0.1,431,418
261,28,408,48,1292,100.0,100.0,0.1,422,418
262,30,409,48,1291,100.0,100.0,0.2,422,414
263,30,410,48,1297,100.0,100.0,0.1,431,414
264,30,413,48,1295,99.5,100.0,0.1,445,418
265,32,413,48,1293,100.0,100.0,0.0,445,409
266,30,413,48,1291,100.0,100.0,0.1,436,418
267,34,414,48,1288,99.5,100.0,0.0,436,422
268,30,416,48,1296,100.0,100.0,0.1,436,414
269,30,416,48,1296,100.0,100.0,0.1,436,414
270,32,415,48,1300,99.5,100.0,0.0,449,422
271,30,418,48,1294,99.5,100.0,0.0,427,436
272,28,418,48,1289,100.0,100.0,0.0,427,431
273,28,418,48,1289,100.0,100.0,0.0,441,431
274,32,416,48,1284,100.0,100.0,0.0,441,422
275,28,417,49,1289,100.0,100.0,0.1,445,422
276,28,419,48,1295,100.0,100.0,0.1,445,427
277,28,419,48,1295,100.0,100.0,0.1,449,427
278,26,418,49,1290,100.0,100.0,0.0,436,427
279,28,419,49,1286,100.0,100.0,0.0,436,418
280,26,420,49,1285,99.5,100.0,0.1,441,427
281,26,419,49,1288,100.0,100.0,0.0,441,427
282,26,419,48,1284,100.0,100.0,0.2,431,409
283,26,419,48,1284,100.0,100.0,0.2,431,409
284,26,418,48,1279,100.0,100.0,0.0,445,414
285,22,419,49,1285,100.0,100.0,0.2,441,409
286,26,418,49,1286,100.0,100.0,0.1,441,409
287,24,420,48,1282,100.0,100.0,0.1,422,422
288,26,418,49,1278,100.0,100.0,0.1,422,400
289,26,419,48,1288,100.0,100.0,0.0,418,400
290,26,419,48,1288,100.0,100.0,0.0,418,400
291,24,418,48,1294,100.0,100.0,0.1,436,418
292,22,419,49,1296,100.0,100.0,0.1,414,414
293,24,419,49,1290,100.0,100.0,0.0,414,414
294,26,420,49,1286,100.0,100.0,0.0,431,395
295,24,419,49,1281,100.0,100.0,0.0,431,400
296,24,420,48,1279,100.0,100.0,0.0,409,414
297,24,420,48,1279,100.0,100.0,0.0,409,414
298,20,419,49,1287,100.0,100.0,0.1,422,390
299,24,421,49,1281,100.0,100.0,0.1,422,386
300,22,419,48,1279,100.0,100.0,0.0,422,386
301,24,418,48,1285,100.0,100.0,0.0,427,386
302,22,419,48,1287,100.0,100.0,0.1,427,386
303,24,419,48,1280,100.0,100.0,0.1,414,400
304,24,418,49,1278,100.0,100.0,0.1,414,386
305,22,419,48,1284,100.0,100.0,0.1,431,386
306,22,418,48,1281,100.0,100.0,0.0,418,390
307,24,418,48,1279,100.0,100.0,0.1,418,386
308,22,418,49,1283,100.0,100.0,0.0,404,377
309,24,417,48,1284,100.0,100.0,0.0,404,382
310,24,418,49,1293,100.0,100.0,0.0,427,395
311,24,420,48,1290,100.0,100.0,0.0,427,386
312,24,418,48,1299,100.0,100.0,0.0,404,395
313,24,418,48,1299,100.0,100.0,0.0,422,395
314,22,421,48,1292,100.0,100.0,0.0,422,377
315,22,419,49,1292,100.0,100.0,0.0,409,386
316,22,420,48,1285,100.0,100.0,0.2,409,386
317,20,420,48,1289,100.0,100.0,0.1,400,386
318,24,420,49,1289,100.0,100.0,0.0,400,382
319,22,421,48,1284,100.0,100.0,0.1,404,373
320,20,420,48,1278,100.0,100.0,0.1,409,395
321,22,420,48,1278,100.0,100.0,0.2,409,368
322,22,420,49,1278,100.0,100.0,0.1,400,382
323,20,419,49,1274,100.0,100.0,0.1,400,377
324,22,419,48,1291,100.0,100.0,0.0,404,382
325,20,420,49,1294,100.0,100.0,0.0,404,386
326,24,419,48,1292,100.0,100.0,0.0,404,368
327,20,420,54,1296,100.0,100.0,0.1,404,368
328,24,420,55,1330,100.0,100.0,0.0,404,368
329,20,421,57,1370,100.0,100.0,0.0,395,368
330,26,422,62,1408,100.0,100.0,0.1,395,373
331,26,430,62,1447,99.5,100.0,0.1,414,363
332,28,436,62,1477,99.5,100.0,0.1,414,382
333,34,436,62,1486,99.5,100.0,0.1,418,386
334,34,442,62,1487,99.5,100.0,0.1,422,390
335,34,448,62,1483,99.5,100.0,0.2,422,395
336,34,450,62,1476,99.5,100.0,0.1,422,395
337,34,450,62,1476,99.5,100.0,0.1,422,395
338,34,453,63,1471,99.5,100.0,0.0,431,390
339,34,453,63,1471,99.5,100.0,0.0,431,390
340,38,453,66,1494,99.5,100.0,0.0,431,409
341,40,453,66,1506,99.5,100.0,0.1,441,409
342,38,454,66,1513,99.5,99.5,0.0,441,395
343,38,455,70,1517,99.5,99.5,0.2,445,386
344,46,455,71,1545,99.5,99.5,0.1,445,414
345,44,453,71,1584,99.5,99.5,0.1,427,404
346,44,453,71,1584,99.5,99.5,0.1,427,404
347,46,455,71,1593,99.5,99.5,0.1,445,418
348,56,458,71,1586,99.0,99.5,0.1,436,422
349,56,458,71,1586,99.0,99.5,0.1,436,422
350,56,458,71,1588,99.0,99.5,0.1,463,414
351,56,457,71,1592,99.0,99.5,0.1,463,422
352,56,458,71,1584,99.0,99.5,0.1,441,414
353,56,458,71,1584,99.0,99.5,0.1,441,414
354,58,458,71,1590,99.0,99.5,0.0,449,436
355,58,462,71,1603,99.0,99.5,0.1,472,436
356,56,463,71,1591,99.0,99.5,0.0,472,431
357,54,462,71,1578,99.0,99.5,0.1,449,436
358,56,462,71,1572,99.0,99.5,0.0,449,431
359,52,461,71,1571,99.0,99.5,0.1,468,418
360,56,461,71,1564,99.0,99.5,0.1,468,431
361,52,461,71,1576,99.0,99.5,0.1,449,431
362,54,461,71,1581,99.0,99.5,0.1,441,418
363,48,462,71,1586,99.0,99.5,0.1,441,431
364,52,463,71,1588,99.0,99.5,0.1,441,418
365,52,463,71,1588,99.0,99.5,0.1,441,418
366,54,463,71,1586,99.0,99.5,0.2,449,431
367,54,463,71,1575,99.0,99.5,0.1,449,422
368,48,462,71,1572,99.0,99.5,0.2,445,422
369,52,462,71,1584,99.0,99.5,0.2,458,418
370,50,462,71,1585,99.0,99.5,0.1,458,436
371,54,461,71,1582,99.0,99.5,0.0,463,427
372,52,462,71,1581,99.0,99.5,0.0,463,427
373,52,462,71,1584,99.0,99.5,0.1,463,422
374,52,462,71,1584,99.0,99.5,0.1,463,422
375,52,461,71,1586,99.0,99.5,0.1,454,409
376,54,461,71,1579,99.0,99.5,0.1,445,427
377,50,462,71,1577,99.0,99.5,0.0,445,427
378,48,462,71,1575,99.0,99.5,0.0,441,414
379,52,461,71,1579,99.0,99.5,0.1,441,427
380,52,463,71,1574,99.0,99.5,0.2,441,414
381,52,463,71,1574,99.0,99.5,0.2,441,414
382,50,462,71,1580,99.0,99.5,0.0,441,427
383,52,462,71,1586,99.0,99.5,0.2,436,422
384,52,462,71,1579,99.0,99.5,0.0,436,427
385,48,462,71,1582,99.0,99.5,0.2,458,422
386,50,463,71,1587,99.0,99.5,0.2,458,418
387,50,463,71,1574,99.0,99.5,0.1,436,418
388,48,464,71,1580,99.0,99.5,0.1,436,422
389,48,464,71,1580,99.0,99.5,0.1,454,422
390,52,463,71,1586,99.0,99.5,0.2,449,427
391,52,463,71,1586,99.0,99.5,0.2,449,427
392,54,465,71,1580,99.0,99.5,0.0,449,418
393,54,465,71,1583,99.0,99.5,0.1,449,422
394,52,466,71,1588,99.0,99.5,0.0,441,427
395,52,466,71,1576,99.0,99.5,0.1,441,427
396,48,466,71,1578,99.0,99.5,0.0,463,427
397,48,466,71,1572,99.0,99.5,0.1,454,409
398,46,465,71,1568,99.0,99.5,0.1,454,409
399,48,464,71,1578,99.0,99.5,0.1,454,414
400,48,462,71,1571,99.0,99.5,0.2,454,427
401,50,462,71,1579,99.0,99.5,0.1,445,418
402,50,462,71,1579,99.0,99.5,0.1,445,418
403,52,462,71,1573,99.0,99.5,0.1,441,427
404,48,463,71,1581,99.0,99.5,0.1,436,427
405,52,464,71,1579,99.0,99.5,0.0,436,427
406,52,463,71,1582,99.0,99.5,0.1,454,418
407,54,464,71,1582,99.0,99.5,0.0,454,427
408,54,463,72,1585,99.0,99.5,0.1,463,409
409,52,463,71,1581,99.0,99.5,0.2,463,409
410,52,464,71,1583,99.0,99.5,0.0,445,422
411,52,463,71,1578,99.0,99.5,0.1,463,414
412,52,465,71,1578,99.0,99.5,0.1,463,418
413,50,465,71,1579,99.0,99.5,0.1,445,404
414,50,466,71,1585,99.0,99.5,0.1,445,427
415,50,468,71,1582,99.0,99.5,0.1,458,418
416,50,466,74,1575,99.0,99.5,0.0,458,414
417,50,466,76,1606,99.0,99.5,0.1,449,414
418,54,466,76,1643,99.0,99.5,0.1,445,409
419,56,467,76,1649,99.0,99.5,0.2,445,404
420,60,468,76,1650,99.0,99.5,0.2,449,414
421,60,469,78,1654,99.0,99.5,0.2,449,418
422,56,471,78,1661,99.0,99.5,0.2,463,409
423,56,471,78,1661,99.0,99.5,0.2,463,409
424,62,474,78,1670,99.0,99.5,0.0,454,431
425,64,475,78,1668,99.0,99.5,0.2,463,414
426,64,475,78,1668,99.0,99.5,0.2,463,414
427,62,475,78,1675,99.0,99.5,0.0,458,422
428,62,475,78,1661,99.0,99.5,0.2,458,418
429,62,476,78,1670,99.0,99.5,0.1,463,422
430,62,476,78,1670,99.0,99.5,0.1,463,422
431,60,475,78,1662,99.0,99.5,0.1,458,422
432,60,475,78,1657,99.0,99.5,0.0,472,418
433,60,475,78,1657,99.0,99.5,0.0,472,418
434,62,475,78,1663,99.0,99.5,0.1,454,422
435,58,474,78,1658,99.0,99.5,0.1,454,427
436,62,475,78,1660,99.0,99.5,0.1,454,436
437,62,475,78,1660,99.0,99.5,0.1,454,436
438,64,474,78,1658,99.0,99.5,0.1,463,436
439,60,475,78,1663,99.0,99.5,0.0,445,414
440,62,475,78,1663,99.0,99.5,0.2,445,436
441,62,475,78,1670,99.0,99.5,0.2,445,414
442,64,476,78,1668,99.0,99.5,0.1,445,431
443,66,476,78,1661,99.0,99.5,0.2,458,418
444,62,476,78,1670,99.0,99.5,0.2,458,427
445,58,476,78,1660,99.0,99.5,0.1,449,427
446,58,476,78,1662,99.0,99.5,0.2,454,427
447,58,477,78,1662,99.0,99.5,0.2,454,418
448,60,477,78,1667,99.0,99.5,0.1,445,414
449,62,476,78,1662,99.0,99.5,0.1,445,427
450,58,477,78,1662,99.0,99.5,0.2,463,422
451,58,477,78,1662,99.0,99.5,0.2,463,422
452,62,477,78,1662,99.0,99.5,0.1,445,436
453,64,477,78,1665,99.0,99.5,0.2,468,436
454,62,477,78,1668,99.0,99.5,0.2,468,427
455,64,477,78,1665,99.0,99.5,0.1,454,427
456,64,476,78,1659,99.0,99.5,0.1,454,414
457,60,477,78,1658,99.0,99.5,0.2,449,427
458,60,477,78,1658,99.0,99.5,0.2,449,427
459,58,477,78,1662,99.0,99.5,0.1,449,431
460,60,476,78,1666,99.0,99.5,0.1,449,418
461,62,476,78,1656,99.0,99.5,0.2,449,418
462,62,476,78,1660,99.0,99.5,0.1,445,431
463,62,477,78,1660,99.0,99.5,0.0,445,431
464,58,477,78,1666,99.0,99.5,0.1,463,427
465,58,477,78,1666,99.0,99.5,0.1,463,427
466,60,478,78,1663,99.0,99.5,0.1,449,431
467,58,478,78,1658,99.0,99.5,0.1,441,409
468,60,477,78,1659,99.0,99.5,0.2,441,431
469,60,477,78,1656,99.0,99.5,0.1,463,431
470,62,477,78,1661,99.0,99.5,0.2,463,431
471,58,477,78,1663,99.0,99.5,0.2,441,418
472,60,476,78,1658,99.0,99.5,0.1,441,422
473,58,476,78,1667,99.0,99.5,0.2,436,422
474,58,476,78,1657,99.0,99.5,0.1,463,431
475,56,476,78,1659,99.0,99.5,0.1,463,414
476,56,476,78,1659,99.0,99.5,0.2,441,431
477,60,476,78,1659,99.0,99.5,0.1,441,427
478,60,476,78,1666,99.0,99.5,0.2,441,427
479,60,476,78,1666,99.0,99.5,0.2,441,427
480,58,476,78,1667,99.0,99.5,0.2,445,431
481,60,477,78,1669,99.0,99.5,0.1,441,414
482,58,477,78,1659,99.0,99.5,0.2,441,409
483,56,477,78,1656,99.0,99.5,0.1,436,409
484,58,477,78,1667,99.0,99.5,0.0,436,431
485,58,477,78,1660,99.0,99.5,0.1,436,418
486,58,477,78,1660,99.0,99.5,0.1,436,418
487,58,477,78,1660,99.0,99.5,0.0,454,404
488,58,478,78,1665,99.0,99.5,0.2,449,427
489,58,477,78,1662,99.0,99.5,0.2,449,431
490,60,478,78,1661,99.0,99.5,0.2,441,427
491,60,478,78,1659,99.0,99.5,0.1,441,409
492,56,477,78,1659,99.0,99.5,0.1,449,418
493,56,477,78,1659,99.0,99.5,0.1,449,418
494,58,478,78,1662,99.0,99.5,0.2,441,404
495,60,478,78,1662,99.0,99.5,0.1,454,414
496,62,478,78,1657,99.0,99.5,0.1,454,409
497,60,478,78,1663,99.0,99.5,0.2,441,404
498,54,478,78,1662,99.0,99.5,0.2,441,422
499,54,477,78,1657,99.0,99.5,0.1,463,422
500,60,477,78,1657,99.0,99.5,0.1,463,422
501,58,477,78,1660,99.0,99.5,0.1,449,404
502,54,477,78,1654,99.0,99.5,0.2,449,422
503,58,477,78,1659,99.0,99.5,0.1,449,414
504,58,476,78,1663,99.0,99.5,0.2,436,414
505,58,477,78,1663,99.0,99.5,0.2,436,414
506,58,477,78,1666,99.0,99.5,0.2,436,409
507,58,477,78,1666,99.0,99.5,0.2,436,409
508,58,476,78,1658,99.0,99.5,0.0,436,414
509,60,477,78,1660,99.0,99.5,0.2,458,422
510,56,477,78,1663,99.0,99.5,0.1,458,414
511,60,478,78,1659,99.0,99.5,0.1,445,409
512,60,478,78,1667,99.0,99.5,0.2,445,409
513,58,478,78,1663,99.0,99.5,0.1,445,404
514,58,478,78,1663,99.0,99.5,0.1,445,404
515,58,477,78,1660,99.0,99.5,0.0,449,414
516,60,477,78,1661,99.0,99.5,0.1,458,427
517,56,478,78,1660,99.0,99.5,0.1,458,409
518,56,478,78,1660,99.0,99.5,0.1,449,409
519,60,477,78,1656,99.0,99.5,0.1,449,418
520,54,478,78,1665,99.0,99.5,0.1,441,422
521,54,478,78,1665,99.0,99.5,0.1,441,422
522,58,478,78,1659,99.0,99.5,0.1,458,414
523,56,478,78,1662,99.0,99.5,0.1,454,418
524,56,478,78,1671,99.0,99.5,0.2,454,418
525,60,478,78,1661,99.0,99.5,0.1,463,418
526,58,478,78,1666,99.0,99.5,0.2,463,414
527,58,478,78,1666,99.0,99.5,0.2,445,404
528,58,478,78,1667,99.0,99.5,0.2,445,400
529,54,478,78,1661,99.0,99.5,0.2,445,404
530,54,478,78,1673,99.0,99.5,0.0,449,404
531,60,478,78,1666,99.0,99.5,0.1,449,409
532,56,478,78,1666,99.0,99.5,0.2,436,427
533,60,479,78,1660,99.0,99.5,0.1,436,427
534,56,479,78,1663,99.0,99.5,0.2,436,418
535,56,479,78,1663,99.0,99.5,0.2,436,418
536,58,480,78,1660,99.0,99.5,0.0,445,400
537,52,480,78,1668,99.0,99.5,0.1,458,404
538,54,480,78,1659,99.0,99.5,0.2,458,404
539,58,480,78,1663,99.0,99.5,0.0,431,422
540,56,480,78,1666,99.0,99.5,0.1,431,409
541,56,480,78,1666,99.0,99.5,0.1,458,409
542,50,480,78,1658,99.0,99.5,0.2,458,404
543,52,479,78,1658,99.0,99.5,0.0,436,422
544,52,478,78,1660,99.0,99.5,0.2,436,400
545,56,478,78,1660,99.0,99.5,0.2,436,400
546,58,478,78,1658,99.0,99.5,0.1,431,418
547,54,477,78,1663,99.0,99.5,0.0,431,414
548,56,478,78,1660,99.0,99.5,0.0,441,409
549,54,478,78,1663,99.0,99.5,0.2,441,409
550,54,478,78,1663,99.0,99.5,0.1,454,404
551,56,479,78,1658,99.0,99.5,0.0,458,418
552,56,478,78,1661,99.0,99.5,0.2,458,400
553,56,478,78,1660,99.0,99.5,0.0,454,409
554,58,478,78,1655,99.0,99.5,0.0,454,404
555,58,477,78,1659,99.0,99.5,0.2,454,404
556,56,478,78,1655,99.0,99.5,0.2,454,409
557,56,478,78,1655,99.0,99.5,0.2,436,409
558,54,478,78,1663,99.0,99.5,0.0,449,409
559,54,478,78,1663,99.0,99.5,0.0,449,409
560,60,478,78,1660,99.0,99.5,0.1,431,400
561,56,478,78,1655,99.0,99.5,0.1,431,418
562,52,477,78,1656,99.0,99.5,0.0,441,418
563,52,477,78,1656,99.0,99.5,0.0,441,418
564,54,476,78,1654,99.0,99.5,0.1,449,422
565,60,476,78,1652,99.0,99.5,0.1,449,400
566,60,476,78,1651,99.0,99.5,0.2,449,414
567,60,476,78,1660,99.0,99.5,0.1,441,414
568,62,476,78,1657,99.0,99.5,0.1,441,422
569,62,476,78,1659,99.0,99.5,0.1,441,422
570,58,476,78,1657,99.0,99.5,0.1,441,422
571,60,477,78,1656,99.0,99.5,0.1,445,409
572,62,477,78,1659,99.0,99.5,0.1,454,409
573,58,477,78,1663,99.0,99.5,0.0,454,400
574,60,477,78,1658,99.0,99.5,0.1,449,427
575,58,478,78,1668,99.0,99.5,0.1,449,427
576,58,477,78,1660,99.0,99.5,0.2,445,418
577,58,478,78,1658,99.0,99.5,0.1,445,414
578,60,478,78,1669,99.0,99.5,0.1,454,427
579,60,478,78,1667,99.0,99.5,0.2,458,422
580,56,477,78,1660,99.0,99.5,0.0,458,427
581,60,477,78,1672,99.0,99.5,0.0,449,414
582,58,477,78,1668,99.0,99.5,0.1,449,409
583,58,478,78,1665,99.0,99.5,0.1,454,400
584,58,477,78,1668,99.0,99.5,0.1,454,422
585,60,477,78,1666,99.0,99.5,0.1,449,404
586,58,477,78,1661,99.0,99.5,0.1,449,422
587,58,477,78,1661,99.0,99.5,0.2,449,418
588,56,477,78,1665,99.0,99.5,0.1,454,418
589,60,477,78,1662,99.0,99.5,0.1,454,418
590,56,477,78,1657,99.0,99.5,0.2,436,409
591,56,478,78,1665,99.0,99.5,0.1,436,414
592,58,477,78,1660,99.0,99.5,0.0,463,418
593,58,477,78,1660,99.0,99.5,0.1,458,404
594,60,477,78,1658,99.0,99.5,0.2,458,422
595,58,476,78,1660,99.0,99.5,0.1,454,422
596,60,476,78,1658,99.0,99.5,0.1,454,422
597,60,477,78,1660,99.0,99.5,0.2,458,427
598,60,477,78,1667,99.0,99.5,0.0,458,422
599,60,477,78,1667,99.0,99.5,0.0,458,422
600,54,477,78,1669,99.0,99.5,0.0,436,414
601,60,477,78,1658,99.0,99.5,0.0,436,409
602,54,477,78,1667,99.0,99.5,0.1,454,409
603,58,477,78,1661,99.0,99.5,0.1,454,409
604,60,477,78,1666,99.0,99.5,0.1,458,414
605,54,478,78,1659,99.0,99.5,0.0,445,422
606,54,478,78,1668,99.0,99.5,0.0,445,414
607,58,477,78,1662,99.0,99.5,0.1,458,418
608,58,477,78,1656,99.0,99.5,0.2,458,422
609,62,476,78,1657,99.0,99.5,0.2,441,409
610,62,476,78,1657,99.0,99.5,0.2,441,409
611,54,477,78,1655,99.0,99.5,0.1,441,427
612,56,477,78,1659,99.0,99.5,0.1,454,418
613,56,477,78,1659,99.0,99.5,0.1,454,418
614,56,476,78,1658,99.0,99.5,0.1,449,422
615,56,476,78,1658,99.0,99.5,0.1,449,422
616,58,477,78,1655,99.0,99.5,0.1,449,422
617,58,477,78,1655,99.0,99.5,0.1,449,422
618,60,476,78,1657,99.0,99.5,0.0,441,414
619,60,477,78,1662,99.0,99.5,0.1,449,427
620,60,476,78,1660,99.0,99.5,0.1,449,422
621,56,476,78,1666,99.0,99.5,0.1,441,414
622,54,476,78,1654,99.0,99.5,0.2,441,414
623,58,476,78,1661,99.0,99.5,0.2,454,427
624,56,476,78,1667,99.0,99.5,0.2,454,404
625,58,476,78,1660,99.0,99.5,0.2,445,404
626,60,477,78,1657,99.0,99.5,0.2,445,409
627,60,477,78,1659,99.0,99.5,0.1,445,404
628,62,476,78,1658,99.0,99.5,0.1,449,409
629,54,477,78,1659,99.0,99.5,0.1,449,404
630,58,477,78,1657,99.0,99.5,0.2,441,418
631,58,477,78,1657,99.0,99.5,0.2,441,418
632,58,477,78,1657,99.0,99.5,0.1,445,427
633,58,477,78,1657,99.0,99.5,0.2,441,409
634,58,477,78,1657,99.0,99.5,0.2,441,409
635,56,477,78,1661,99.0,99.5,0.0,445,414
636,58,477,78,1665,99.0,99.5,0.1,445,404
637,58,476,78,1659,99.0,99.5,0.2,454,427
638,58,476,78,1659,99.0,99.5,0.2,454,427
639,62,477,78,1660,99.0,99.5,0.0,458,418
640,58,477,78,1663,99.0,99.5,0.1,445,422
641,58,477,78,1658,99.0,99.5,0.1,445,422
642,60,477,78,1659,99.0,99.5,0.1,454,404
643,60,477,78,1658,99.0,99.5,0.2,454,418
644,58,477,78,1666,99.0,99.5,0.1,445,418
645,56,478,78,1668,99.0,99.5,0.1,445,418
646,58,478,78,1659,99.0,99.5,0.2,449,400
647,60,477,78,1656,99.0,99.5,0.2,445,418
648,60,477,78,1660,99.0,99.5,0.0,445,418
649,58,477,78,1666,99.0,99.5,0.0,445,418
650,58,477,78,1661,99.0,99.5,0.2,445,422
651,60,478,78,1660,99.0,99.5,0.2,454,422
652,62,478,78,1667,99.0,99.5,0.2,454,422
653,62,478,78,1665,99.0,99.5,0.1,454,418
654,60,478,78,1659,99.0,99.5,0.0,449,409
655,58,478,78,1662,99.0,99.5,0.2,449,414
656,60,478,78,1665,99.0,99.5,0.1,449,427
657,54,478,78,1659,99.0,99.5,0.1,449,409
658,60,479,78,1662,99.0,99.5,0.1,454,409
659,58,479,78,1660,99.0,99.5,0.0,454,414
660,60,478,78,1660,99.0,99.5,0.1,454,404
661,56,478,78,1665,99.0,99.5,0.0,436,414
662,58,478,78,1661,99.0,99.5,0.2,436,404
663,56,478,78,1659,99.0,99.5,0.2,458,422
664,56,479,78,1665,99.0,99.5,0.1,458,409
665,56,479,78,1666,99.0,99.5,0.1,449,418
666,56,479,78,1666,99.0,99.5,0.1,449,418
667,58,478,78,1667,99.0,99.5,0.1,463,404
668,58,477,78,1657,99.0,99.5,0.2,458,422
669,58,477,78,1654,99.0,99.5,0.1,458,422
670,54,477,78,1657,99.0,99.5,0.1,445,404
671,56,476,78,1657,99.0,99.5,0.0,445,409
672,58,476,78,1657,99.0,99.5,0.2,454,418
673,62,476,78,1658,99.0,99.5,0.2,454,404
674,60,476,78,1659,99.0,99.5,0.2,445,400
675,60,475,78,1658,99.0,99.5,0.1,463,404
676,58,476,78,1660,99.0,99.5,0.1,463,409
677,58,476,78,1656,99.0,99.5,0.2,445,409
678,58,476,78,1654,99.0,99.5,0.2,445,414
679,62,476,78,1659,99.0,99.5,0.1,445,418
680,62,476,78,1655,99.0,99.5,0.1,445,418
681,60,476,78,1661,99.0,99.5,0.2,454,422
682,62,476,78,1657,99.0,99.5,0.2,445,414
683,64,476,78,1649,99.0,99.5,0.1,445,427
684,64,475,78,1652,99.0,99.5,0.2,454,414
685,62,475,78,1652,99.0,99.5,0.2,454,427
686,62,475,78,1658,99.0,99.5,0.1,463,404
687,62,474,78,1649,99.0,99.5,0.0,463,409
688,66,473,78,1654,99.0,99.5,0.2,458,422
689,62,473,78,1652,99.0,99.5,0.2,449,422
690,62,472,78,1652,99.0,99.5,0.2,449,409
691,64,472,78,1656,99.0,99.5,0.2,458,422
692,64,471,78,1666,99.0,99.5,0.1,458,427
693,64,471,78,1657,99.0,99.5,0.2,458,427
694,64,471,78,1657,99.0,99.5,0.2,458,427
695,68,471,78,1658,99.0,99.5,0.2,449,431
696,68,471,78,1662,99.0,99.5,0.1,468,427
697,72,471,78,1657,99.0,99.5,0.1,468,427
698,72,472,78,1667,99.0,99.5,0.0,454,431
699,72,472,78,1663,99.0,99.5,0.2,454,422
700,68,472,78,1661,99.0,99.5,0.1,468,441
701,68,472,78,1669,99.0,99.5,0.1,468,441
702,66,472,78,1661,99.0,99.5,0.2,463,441
703,70,472,78,1660,99.0,99.5,0.2,468,418
704,66,472,78,1659,99.0,99.5,0.1,468,418
705,72,473,78,1667,99.0,99.5,0.2,472,431
706,70,473,78,1665,99.0,99.5,0.2,472,441
707,68,473,78,1668,99.0,99.0,0.2,476,422
708,66,474,78,1670,99.0,99.5,0.2,476,441
709,72,474,78,1663,99.0,99.0,0.2,458,441
710,70,475,78,1669,99.0,99.5,0.2,458,422
711,64,477,78,1668,99.0,99.5,0.1,458,436
712,66,476,78,1667,99.0,99.5,0.2,472,422
713,68,476,78,1665,99.0,99.5,0.2,472,441
714,70,476,78,1668,99.0,99.5,0.2,454,422
715,70,476,78,1668,99.0,99.5,0.2,454,422
716,64,476,78,1662,99.0,99.5,0.2,458,431
717,64,475,78,1667,99.0,99.5,0.2,472,418
718,64,475,78,1667,99.0,99.5,0.2,472,418
719,64,476,78,1667,99.0,99.5,0.2,454,445
720,66,476,78,1660,99.0,99.5,0.1,454,418
721,58,476,78,1661,99.0,99.5,0.1,454,418
722,58,476,78,1661,99.0,99.5,0.1,454,418
723,62,476,78,1662,99.0,99.5,0.2,449,441
724,66,476,78,1661,99.0,99.5,0.0,458,427
725,64,476,78,1659,99.0,99.5,0.1,458,414
726,62,476,78,1660,99.0,99.5,0.2,472,431
727,58,476,78,1670,99.0,99.5,0.1,472,422
728,60,476,78,1661,99.0,99.5,0.1,454,422
729,62,476,78,1662,99.0,99.5,0.0,454,436
730,62,477,78,1663,99.0,99.5,0.2,458,427
731,62,477,78,1665,99.0,99.5,0.1,458,414
732,64,478,78,1667,99.0,99.5,0.1,458,436
733,60,478,78,1667,99.0,99.5,0.2,468,436
734,58,478,78,1661,99.0,99.5,0.2,468,422
735,58,479,78,1660,99.0,99.5,0.2,449,441
736,56,478,78,1663,99.0,99.5,0.2,449,427
737,62,479,78,1660,99.0,99.5,0.2,468,436
738,60,479,78,1661,99.0,99.5,0.2,449,418
739,62,479,78,1658,99.0,99.5,0.2,449,414
740,58,478,78,1659,99.0,99.5,0.2,449,436
741,62,478,78,1661,99.0,99.5,0.1,449,422
742,58,479,78,1670,99.0,99.5,0.1,463,414
743,58,479,78,1670,99.0,99.5,0.1,463,414
744,62,478,78,1661,99.0,99.5,0.1,468,414
745,56,478,78,1659,99.0,99.5,0.1,463,414
746,56,479,78,1661,99.0,99.5,0.1,463,409
747,58,478,78,1662,99.0,99.5,0.1,463,418
748,58,478,78,1662,99.0,99.5,0.1,463,409
749,56,477,78,1650,99.0,99.5,0.2,454,418
750,56,477,78,1650,99.0,99.5,0.2,454,418
751,58,475,78,1652,99.0,99.5,0.2,458,431
752,60,475,78,1666,99.0,99.5,0.1,449,418
753,62,475,78,1668,99.0,99.5,0.2,449,427
754,62,475,78,1667,99.0,99.5,0.2,458,414
755,60,476,78,1673,99.0,99.5,0.2,458,414
756,60,477,78,1670,99.0,99.5,0.2,458,427
757,60,477,78,1665,99.0,99.5,0.2,458,427
758,56,476,78,1660,99.0,99.5,0.1,445,414
759,58,477,78,1661,99.0,99.5,0.1,454,414
760,62,477,78,1665,99.0,99.5,0.1,454,414
761,62,477,78,1656,99.0,99.5,0.1,458,414
762,60,476,78,1658,99.0,99.5,0.2,458,409
763,60,476,78,1654,99.0,99.5,0.0,445,427
764,60,476,78,1658,99.0,99.5,0.1,445,436
765,58,475,78,1661,99.0,99.5,0.2,458,427
766,62,474,78,1661,99.0,99.5,0.2,472,414
767,62,474,78,1662,99.0,99.5,0.1,472,414
768,66,474,78,1652,99.0,99.5,0.1,468,431
769,64,474,78,1663,99.0,99.5,0.1,468,418
770,64,475,78,1673,99.0,99.5,0.2,449,422
771,64,476,78,1670,99.0,99.5,0.1,449,418
772,60,477,78,1677,99.0,99.5,0.2,458,418
773,58,477,78,1660,99.0,99.5,0.1,445,427
774,62,477,78,1659,99.0,99.5,0.2,445,427
775,64,477,78,1661,99.0,99.5,0.1,463,418
776,62,477,78,1659,99.0,99.5,0.0,463,427
777,60,477,78,1666,99.0,99.5,0.1,454,414
778,56,477,78,1665,99.0,99.5,0.1,454,414
779,60,478,78,1663,99.0,99.5,0.1,463,436
780,62,477,78,1661,99.0,99.5,0.1,445,414
781,60,477,78,1661,99.0,99.5,0.1,445,431
782,62,477,78,1660,99.0,99.5,0.1,463,431
783,62,477,78,1660,99.0,99.5,0.0,463,436
784,60,477,78,1662,99.0,99.5,0.0,463,418
785,58,476,78,1659,99.0,99.5,0.1,463,422
786,56,477,78,1661,99.0,99.5,0.1,458,418
787,58,477,78,1662,99.0,99.5,0.1,463,418
788,58,477,78,1667,99.0,99.5,0.2,463,427
789,58,476,78,1663,99.0,99.5,0.1,445,414
790,58,477,78,1662,99.0,99.5,0.1,445,414
791,60,477,78,1662,99.0,99.5,0.1,458,409
792,60,477,78,1662,99.0,99.5,0.0,458,431
793,54,477,78,1663,99.0,99.5,0.1,468,427
794,56,477,78,1668,99.0,99.5,0.1,445,427
795,56,477,78,1661,99.0,99.5,0.2,445,409
796,58,476,78,1654,99.0,99.5,0.0,458,427
797,58,476,78,1667,99.0,99.5,0.2,458,418
798,60,477,78,1665,99.0,99.5,0.2,454,418
799,60,477,78,1676,99.0,99.5,0.1,454,409
800,58,479,78,1672,99.0,99.5,0.0,449,418
801,58,480,78,1676,99.0,99.5,0.1,458,422
802,58,481,78,1668,99.0,99.5,0.0,458,431
803,56,480,78,1663,99.0,99.5,0.2,449,422
804,54,481,78,1670,99.0,99.5,0.1,449,422
805,50,480,78,1663,99.0,99.5,0.0,463,422
806,54,480,78,1655,99.0,99.5,0.1,463,422
807,50,480,78,1655,99.0,99.5,0.2,454,404
808,50,479,78,1657,99.0,99.5,0.1,441,422
809,52,479,78,1660,99.0,99.5,0.2,441,418
810,50,480,78,1661,99.0,99.5,0.0,454,404
811,54,480,78,1644,99.0,99.5,0.1,454,418
812,52,479,78,1636,99.0,99.5,0.2,441,418
813,54,476,78,1656,99.0,99.5,0.1,441,395
814,58,476,78,1666,99.0,99.5,0.2,445,395
815,58,475,78,1667,99.0,99.5,0.2,441,409
816,58,475,78,1645,99.0,99.5,0.0,441,414
817,60,470,78,1627,99.0,99.5,0.2,445,414
818,70,470,78,1623,99.0,99.5,0.2,445,404
819,68,469,78,1609,99.0,99.5,0.2,449,400
820,72,464,78,1601,99.0,99.5,0.2,449,409
821,70,463,78,1591,99.0,99.5,0.1,468,418
822,72,462,78,1595,99.0,99.5,0.2,472,409
823,70,461,78,1603,99.0,99.5,0.2,472,422
824,78,462,78,1635,99.0,99.5,0.2,463,441
825,80,465,78,1678,99.0,99.0,0.1,463,436
826,74,466,78,1706,99.0,99.0,0.1,472,436
827,66,471,78,1695,99.0,99.5,0.0,472,445
828,66,476,78,1667,99.0,99.5,0.1,463,431
829,62,477,72,1630,99.0,99.5,0.1,463,441
830,62,477,72,1594,99.0,99.5,0.1,463,441
831,60,475,70,1575,99.0,99.5,0.2,468,422
832,52,474,70,1571,99.0,99.5,0.0,468,431
833,52,471,70,1569,99.0,99.5,0.2,463,436
834,52,471,70,1560,99.0,99.5,0.0,463,427
835,52,469,70,1539,99.5,99.5,0.1,445,431
836,48,468,70,1523,99.5,99.5,0.1,454,418
837,52,461,70,1530,99.5,99.5,0.1,454,431
838,50,461,70,1566,99.5,99.5,0.2,441,414
839,54,461,70,1597,99.0,99.5,0.2,441,409
840,52,463,70,1588,99.0,99.5,0.2,441,431
841,50,465,70,1573,99.5,99.5,0.0,441,418
842,46,466,70,1565,99.5,99.5,0.1,458,414
843,44,467,70,1572,99.5,99.5,0.0,454,436
844,44,467,70,1554,99.5,99.5,0.1,454,414
845,42,466,70,1543,99.5,99.5,0.1,458,422
846,44,465,70,1527,99.5,99.5,0.1,458,422
847,50,463,70,1528,99.5,99.5,0.2,436,431
848,46,461,70,1553,99.5,99.5,0.2,436,422
849,52,459,70,1583,99.5,99.5,0.2,445,422
850,48,463,70,1598,99.0,99.5,0.0,445,418
851,48,465,70,1589,99.0,99.5,0.1,454,414
852,52,466,70,1564,99.5,99.5,0.0,441,422
853,48,465,70,1553,99.5,99.5,0.1,441,431
854,42,466,64,1531,99.5,99.5,0.0,441,418
855,42,466,64,1501,99.5,99.5,0.1,441,431
856,40,465,64,1475,99.5,100.0,0.2,445,422
857,38,463,64,1468,99.5,100.0,0.1,445,422
858,38,464,64,1467,99.5,100.0,0.1,449,422
859,34,463,64,1465,99.5,100.0,0.1,431,400
860,32,462,63,1463,99.5,100.0,0.2,431,418
861,34,461,63,1461,99.5,100.0,0.1,427,409
862,30,461,63,1464,99.5,100.0,0.2,427,395
863,32,460,63,1473,99.5,100.0,0.0,431,395
864,30,461,63,1472,99.5,100.0,0.1,431,404
865,32,460,63,1473,99.5,100.0,0.0,414,386
866,30,461,63,1474,99.5,100.0,0.2,409,386
867,32,460,63,1479,99.5,100.0,0.0,409,404
868,30,462,63,1473,99.5,100.0,0.0,431,409
869,28,461,63,1479,99.5,100.0,0.0,431,382
870,30,461,63,1473,99.5,100.0,0.1,414,386
871,30,461,63,1480,99.5,100.0,0.0,414,400
872,30,462,63,1484,99.5,100.0,0.1,409,395
873,32,462,63,1483,99.5,100.0,0.0,422,400
874,28,462,63,1476,99.5,100.0,0.1,422,400
875,28,462,63,1478,99.5,100.0,0.1,404,377
876,28,462,63,1474,99.5,100.0,0.2,404,377
877,30,461,63,1460,99.5,100.0,0.0,404,377
878,28,461,63,1450,99.5,100.0,0.1,404,386
879,32,459,63,1440,99.5,100.0,0.1,409,386
880,30,455,63,1441,99.5,100.0,0.2,414,390
881,38,451,63,1450,99.5,100.0,0.2,414,395
882,42,448,63,1470,99.5,100.0,0.1,414,377
883,42,447,55,1477,99.5,100.0,0.2,414,400
884,40,450,43,1364,99.5,100.0,0.1,436,377
885,36,444,42,1308,99.5,100.0,0.1,436,390
886,32,444,42,1272,99.5,100.0,0.0,431,390
887,30,441,42,1243,100.0,100.0,0.0,431,382
888,26,429,42,1213,100.0,100.0,0.0,414,404
889,22,425,42,1195,100.0,100.0,0.2,409,382
890,22,421,42,1191,100.0,100.0,0.1,409,404
891,20,417,40,1176,100.0,100.0,0.2,409,382
892,20,414,40,1175,100.0,100.0,0.2,409,382
893,16,413,26,1160,100.0,100.0,0.2,400,373
894,14,412,14,1098,100.0,100.0,0.2,400,386
895,12,407,14,1035,100.0,100.0,0.2,404,382
896,12,395,14,967,100.0,100.0,0.2,377,363
897,12,386,14,907,100.0,100.0,0.2,377,368
898,12,384,14,843,100.0,100.0,0.2,373,368
899,12,374,14,797,100.5,100.5,0.2,373,359
900,8,361,14,803,100.5,100.5,0.2,359,340
901,10,344,14,817,100.5,100.5,0.2,359,354
902,8,342,14,828,100.0,100.0,0.2,359,340
903,8,339,14,831,100.5,100.5,0.1,363,345
904,8,337,14,837,100.5,100.5,0.2,363,332
905,8,338,14,836,100.5,100.0,0.2,368,349
906,8,338,14,843,100.5,100.0,0.1,368,332
907,6,339,14,848,100.5,100.5,0.2,349,332
908,8,341,14,843,100.5,100.0,0.1,349,345
909,8,342,14,835,100.5,100.5,0.1,363,336
910,8,343,14,832,100.5,100.5,0.2,345,327
911,6,342,14,825,100.5,100.5,0.2,345,327
912,4,343,14,833,100.5,100.5,0.2,345,318
913,6,342,14,830,100.5,100.5,0.2,345,313
914,6,343,13,824,100.5,100.5,0.1,345,318
915,6,342,14,821,100.5,100.5,0.2,345,318
916,6,341,13,822,100.5,100.5,0.2,336,313
917,6,341,14,829,100.5,100.5,0.2,332,308
918,4,341,13,825,100.5,100.5,0.2,332,318
919,4,341,13,820,100.5,100.5,0.2,336,290
920,4,340,13,820,100.5,100.5,0.1,336,299
921,4,339,13,819,100.5,100.5,0.1,322,299
922,6,338,13,820,100.5,100.5,0.1,322,304
923,6,337,13,819,100.5,100.5,0.1,322,308
924,4,336,13,823,100.5,100.5,0.2,327,304
925,4,335,14,813,100.5,100.5,0.1,327,299
926,4,335,13,812,100.5,100.5,0.1,327,280
927,4,334,13,809,100.5,100.5,0.1,327,299
928,4,332,13,809,100.5,100.5,0.2,327,290
929,4,330,13,807,100.5,100.5,0.2,327,290
930,6,327,13,808,100.5,100.5,0.1,327,276
931,6,325,13,808,100.5,100.5,0.1,322,290
932,6,322,13,815,100.5,100.5,0.1,322,290
933,6,320,13,806,100.5,100.5,0.1,308,276
934,6,320,13,808,100.5,100.5,0.0,308,276
935,6,318,13,811,100.5,100.5,0.1,308,290
936,6,317,13,817,100.5,100.5,0.0,308,276
937,8,317,13,824,100.5,100.5,0.1,336,285
938,6,317,13,824,100.5,100.5,0.1,318,299
939,6,318,13,828,100.5,100.5,0.2,318,280
940,6,319,13,821,100.5,100.5,0.1,313,304
941,8,318,13,818,100.5,100.5,0.1,313,280
942,8,318,13,820,100.5,100.5,0.0,340,308
943,6,317,13,820,100.5,100.5,0.1,340,285
944,8,317,13,822,100.5,100.5,0.1,318,280
945,8,316,13,821,100.5,100.5,0.1,327,313
946,8,316,13,822,100.5,100.5,0.2,327,313
947,8,317,13,828,100.5,100.5,0.1,336,318
948,6,319,13,830,100.5,100.5,0.0,336,313
949,6,320,13,835,100.5,100.0,0.1,340,290
950,6,320,13,831,100.5,100.0,0.1,340,318
951,6,322,13,833,100.5,100.0,0.1,332,304
952,8,323,13,832,100.5,100.5,0.2,332,322
953,8,325,13,839,100.5,100.0,0.1,332,322
954,8,326,13,832,100.5,100.5,0.1,349,304
955,8,326,13,823,100.5,100.5,0.1,349,327
956,8,326,13,824,100.5,100.5,0.1,336,304
957,8,326,13,833,100.5,100.5,0.2,336,318
958,10,327,13,837,100.5,100.5,0.1,349,318
959,6,325,32,866,100.5,100.5,0.2,332,308
960,6,332,32,944,100.5,100.0,0.0,332,304
961,8,340,15,989,100.0,100.0,0.0,349,308
962,8,343,14,936,100.5,100.0,0.2,349,327
963,8,348,13,875,100.0,100.0,0.0,359,304
964,8,349,13,827,100.5,100.0,0.2,359,308
965,8,338,14,809,100.5,100.5,0.2,345,322
966,8,332,14,809,100.5,100.5,0.2,354,322
967,8,328,14,816,100.5,100.5,0.1,354,308
968,8,326,14,818,100.5,100.5,0.1,340,308
969,6,326,13,828,100.5,100.5,0.2,340,308
970,8,326,14,828,100.5,100.5,0.1,359,308
971,8,327,14,828,100.5,100.5,0.0,359,308
972,6,327,14,828,100.5,100.0,0.1,340,318
973,6,328,14,828,100.5,100.0,0.1,340,327
974,6,328,14,833,100.5,100.5,0.2,345,313
975,6,328,14,829,100.5,100.5,0.2,345,318
976,6,328,14,831,100.5,100.5,0.2,349,313
977,6,328,14,829,100.5,100.5,0.2,349,322
978,6,328,14,832,100.5,100.5,0.2,336,304
979,6,329,14,826,100.5,100.5,0.1,332,313
980,6,328,14,826,100.5,100.5,0.2,332,327
981,8,327,14,822,100.5,100.5,0.1,354,327
982,6,327,14,823,100.5,100.5,0.1,354,313
983,6,327,14,829,100.5,100.5,0.1,336,313
984,6,328,14,825,100.5,100.5,0.1,336,308
985,4,327,13,825,100.5,100.5,0.1,349,308
986,6,327,14,822,100.5,100.5,0.1,336,313
987,4,326,14,826,100.5,100.5,0.2,336,322
988,6,326,14,818,100.5,100.5,0.2,340,304
989,6,325,14,816,100.5,100.5,0.1,340,327
990,6,325,14,825,100.5,100.5,0.1,345,327
991,6,325,14,827,100.5,100.5,0.1,345,304
992,6,325,14,832,100.5,100.5,0.1,336,308
993,6,327,14,842,100.5,100.5,0.1,340,308
994,6,333,14,842,100.5,100.5,0.2,340,304
995,6,335,14,834,100.5,100.5,0.1,327,313
996,6,336,14,829,100.5,100.5,0.1,327,313
997,4,334,14,813,100.5,100.5,0.2,336,304
998,4,334,14,808,100.5,100.5,0.0,336,304
999,4,331,14,807,100.5,100.5,0.1,322,318
1000,4,327,14,813,100.5,100.5,0.1,336,304
1001,6,324,13,824,100.5,100.5,0.1,336,313
1002,6,324,14,822,100.5,100.5,0.1,340,313
1003,6,325,13,824,100.5,100.5,0.1,340,308
1004,6,325,14,826,100.5,100.5,0.1,332,308
1005,6,325,14,826,100.5,100.5,0.2,332,313
1006,6,326,14,829,100.5,100.5,0.2,327,308
1007,6,326,14,830,100.5,100.5,0.1,327,308
1008,6,327,14,833,100.5,100.5,0.1,327,318
1009,6,327,14,823,100.5,100.5,0.1,322,313
1010,6,327,14,826,100.5,100.5,0.1,322,313
1011,6,327,14,829,100.5,100.5,0.2,345,290
1012,6,327,14,829,100.5,100.5,0.1,345,318
1013,6,326,17,823,100.5,100.5,0.1,340,313
1014,6,325,21,868,100.5,100.5,0.2,327,313
1015,6,329,21,916,100.5,100.5,0.1,327,290
1016,6,339,20,940,100.5,100.5,0.1,322,299
1017,6,346,20,939,100.5,100.5,0.1,322,290
1018,8,350,20,932,100.0,100.0,0.0,345,313
1019,6,353,20,921,100.5,100.0,0.1,345,308
1020,6,355,20,918,100.5,100.5,0.2,340,304
1021,6,356,20,905,100.5,100.0,0.1,332,304
1022,6,355,20,897,100.0,100.0,0.1,332,290
1023,6,355,20,899,100.0,100.5,0.1,332,304
1024,6,355,20,909,100.0,100.5,0.1,332,308
1025,6,356,20,917,100.5,100.0,0.1,336,290
1026,4,357,20,913,100.5,100.0,0.2,336,304
1027,6,357,20,906,100.5,100.5,0.2,336,318
1028,8,357,20,898,100.5,100.5,0.1,327,308
1029,6,355,20,900,100.5,100.5,0.1,327,318
1030,6,355,20,901,100.5,100.5,0.0,345,318
1031,6,354,20,909,100.0,100.5,0.1,345,290
1032,6,355,20,909,100.0,100.0,0.1,345,308
1033,4,355,20,907,100.5,100.5,0.2,345,308
1034,6,355,20,905,100.0,100.5,0.1,332,313
1035,6,355,20,912,100.5,100.5,0.2,322,290
1036,8,355,20,916,100.5,100.5,0.1,322,304
1037,4,356,20,918,100.0,100.5,0.2,332,313
1038,6,356,20,919,100.0,100.5,0.0,332,313
1039,6,357,20,904,100.0,100.5,0.2,332,308
1040,8,356,20,887,100.5,100.5,0.1,332,285
1041,8,352,20,900,100.5,100.5,0.1,318,290
1042,6,353,20,920,100.0,100.5,0.1,336,285
1043,8,355,18,933,100.5,100.0,0.1,336,313
1044,6,354,14,867,100.5,100.5,0.2,340,313
1045,8,351,14,839,100.5,100.5,0.1,340,313
1046,6,350,14,820,100.5,100.5,0.1,340,299
1047,6,344,14,817,100.5,100.5,0.1,340,304
1048,6,340,14,814,100.5,100.5,0.1,318,308
1049,4,335,14,825,100.5,100.5,0.1,336,313
1050,6,333,14,822,100.5,100.5,0.2,336,290
1051,6,332,14,823,100.5,100.5,0.2,322,308
1052,6,332,14,826,100.5,100.5,0.2,322,285
1053,6,331,14,824,100.5,100.5,0.1,327,280
1054,6,331,14,821,100.5,100.5,0.2,327,313
1055,6,330,14,817,100.5,100.5,0.2,332,290
1056,4,328,14,828,100.5,100.5,0.1,322,290
1057,6,328,14,827,100.5,100.5,0.2,322,308
1058,6,329,14,825,100.5,100.5,0.2,313,304
1059,6,330,20,840,100.5,100.5,0.1,313,280
1060,4,332,28,916,100.5,100.5,0.1,308,276
1061,4,340,28,992,100.5,100.5,0.0,308,285
1062,6,342,28,1032,100.0,100.5,0.2,336,285
1063,6,352,28,1040,100.0,100.0,0.2,322,304
1064,6,363,28,1019,100.0,100.0,0.1,322,285
1065,6,364,28,1007,100.0,100.0,0.1,322,318
1066,8,367,28,995,100.0,100.0,0.0,322,304
1067,8,368,28,993,100.0,100.0,0.1,332,308
1068,6,368,28,992,100.0,100.5,0.1,332,308
1069,8,369,28,994,100.0,100.0,0.1,327,318
1070,8,370,28,1003,100.0,100.0,0.1,336,304
1071,10,371,28,1009,100.0,100.5,0.2,336,318
1072,8,372,28,1014,100.0,100.0,0.0,327,318
1073,8,372,28,1011,100.0,100.0,0.1,327,313
1074,10,372,27,1000,100.0,100.0,0.0,332,313
1075,8,371,27,990,100.0,100.0,0.0,332,299
1076,10,370,27,990,100.0,100.0,0.0,345,318
1077,10,369,27,999,100.0,100.5,0.0,345,304
1078,10,370,27,1016,100.0,100.0,0.1,345,322
1079,8,372,27,1029,100.0,100.0,0.0,354,304
1080,8,374,27,1018,100.0,100.0,0.2,354,304
1081,8,373,27,1001,100.0,100.0,0.1,349,304
1082,10,373,27,993,100.0,100.5,0.1,349,318
1083,8,372,27,992,100.0,100.0,0.1,340,322
1084,8,371,27,993,100.0,100.5,0.2,332,313
1085,10,371,27,996,100.0,100.0,0.2,332,318
1086,8,371,27,996,100.0,100.0,0.1,349,332
1087,10,370,27,983,100.0,100.0,0.0,349,313
1088,10,368,28,988,100.0,100.0,0.1,332,327
1089,12,367,27,998,100.0,100.5,0.0,332,313
1090,12,368,27,1018,100.0,100.5,0.0,359,313
1091,10,370,28,1027,100.0,100.0,0.0,336,322
1092,12,371,27,1024,100.0,100.0,0.2,336,313
1093,10,372,27,1018,100.0,100.0,0.2,354,332
1094,10,372,27,1009,100.0,100.0,0.1,354,322
1095,10,372,27,1009,100.0,100.5,0.1,345,313
1096,10,372,27,1009,100.0,100.0,0.1,345,327
1097,10,372,27,1012,100.0,100.0,0.0,349,340
1098,10,371,27,1007,100.0,100.0,0.1,354,340
1099,12,371,27,1004,100.0,100.0,0.0,354,332
1100,12,372,27,1008,100.0,100.0,0.1,340,322
1101,12,372,28,1008,100.0,100.0,0.0,340,332
1102,12,372,28,1011,100.0,100.0,0.1,359,322
1103,12,372,28,1019,100.0,100.0,0.2,359,340
1104,12,373,29,1018,100.0,100.0,0.1,363,327
1105,12,373,38,1056,100.0,100.0,0.1,354,332
1106,10,375,40,1112,100.0,100.0,0.2,354,318
1107,12,381,40,1163,100.0,100.0,0.2,368,332
1108,14,387,42,1199,100.0,100.0,0.1,368,340
1109,14,391,42,1210,100.0,100.0,0.0,377,327
1110,14,392,42,1213,100.0,100.0,0.1,377,332
1111,16,396,42,1209,100.0,100.0,0.1,363,340
1112,18,397,42,1205,100.0,100.0,0.1,373,349
1113,16,400,42,1203,100.0,100.0,0.0,373,359
1114,18,401,42,1206,100.0,100.0,0.2,368,336
1115,18,401,42,1205,100.0,100.0,0.1,368,363
1116,16,401,42,1203,100.0,100.0,0.1,382,368
1117,18,401,42,1195,100.0,100.0,0.1,382,354
1118,18,400,42,1181,100.0,100.0,0.1,395,368
1119,20,399,42,1185,100.0,100.0,0.2,382,354
1120,20,398,42,1188,100.0,100.0,0.1,382,363
1121,20,398,40,1187,100.0,100.0,0.0,390,373
1122,20,399,35,1154,100.0,100.0,0.1,390,373
1123,18,398,34,1121,100.0,100.0,0.1,400,359
1124,20,395,34,1087,100.0,100.0,0.1,400,349
1125,20,389,34,1076,100.0,100.0,0.1,390,363
1126,20,387,34,1085,100.0,100.0,0.0,390,382
1127,16,386,34,1091,100.0,100.0,0.2,390,368
1128,18,385,34,1100,100.0,100.0,0.2,377,368
1129,18,384,34,1103,100.0,100.0,0.1,377,368
1130,18,384,34,1098,100.0,100.0,0.0,400,363
1131,18,384,34,1098,100.0,100.0,0.1,400,373
1132,18,384,34,1099,100.0,100.0,0.2,382,373
1133,18,384,34,1102,100.0,100.0,0.1,404,359
1134,18,383,34,1101,100.0,100.0,0.1,404,382
1135,18,383,34,1094,100.0,100.0,0.1,386,363
1136,20,383,34,1098,100.0,100.0,0.0,386,363
1137,16,383,34,1097,100.0,100.0,0.1,414,377
1138,18,383,34,1092,100.0,100.0,0.1,414,373
1139,18,382,34,1097,100.0,100.0,0.1,395,377
1140,16,383,34,1095,100.0,100.0,0.1,414,382
1141,16,382,34,1096,100.0,100.0,0.1,414,377
1142,18,382,34,1098,100.0,100.0,0.1,414,390
1143,18,383,34,1102,100.0,100.0,0.1,414,386
1144,18,383,34,1096,100.0,100.0,0.2,418,390
1145,20,383,34,1102,100.0,100.0,0.2,418,377
1146,20,383,34,1099,100.0,100.0,0.0,400,377
1147,18,384,34,1103,100.0,100.0,0.1,414,373
1148,20,383,34,1100,100.0,100.0,0.1,414,377
1149,20,383,35,1094,100.0,100.0,0.1,400,373
1150,20,383,34,1098,100.0,100.0,0.2,400,390
1151,18,383,34,1103,100.0,100.0,0.1,418,382
1152,18,383,34,1104,100.0,100.0,0.2,418,382
1153,18,384,14,1031,100.0,100.0,0.2,422,404
1154,18,378,14,915,100.0,100.0,0.2,422,386
1155,16,371,14,862,100.0,100.0,0.1,422,382
1156,14,360,14,824,100.0,100.5,0.1,404,395
1157,14,351,14,809,100.5,100.5,0.2,404,377
1158,12,342,14,811,100.5,100.5,0.1,414,373
1159,14,337,14,814,100.5,100.5,0.1,414,386
1160,12,333,14,819,100.5,100.5,0.2,404,373
1161,12,331,14,825,100.5,100.5,0.1,404,368
1162,12,330,14,831,100.5,100.5,0.1,377,386
1163,10,330,14,828,100.5,100.5,0.2,404,363
1164,8,329,14,829,100.5,100.5,0.1,404,359
1165,8,328,14,825,100.5,100.5,0.2,400,354
1166,10,328,14,826,100.5,100.5,0.2,400,354
1167,10,328,14,830,100.5,100.5,0.0,382,377
1168,8,328,14,833,100.5,100.5,0.2,382,363
1169,8,328,14,831,100.5,100.5,0.0,390,363
1170,8,328,14,826,100.5,100.5,0.1,377,363
1171,8,329,14,826,100.5,100.5,0.1,377,354
1172,8,329,14,829,100.5,100.5,0.1,377,340
1173,8,328,14,830,100.5,100.5,0.2,377,363
1174,8,329,14,825,100.5,100.5,0.1,359,340
1175,8,328,14,825,100.5,100.5,0.1,359,363
1176,8,328,14,824,100.5,100.5,0.1,359,345
1177,8,327,14,830,100.5,100.5,0.1,373,349
1178,6,328,14,831,100.5,100.5,0.2,373,349
1179,8,328,14,829,100.5,100.5,0.1,363,345
1180,6,329,14,827,100.5,100.5,0.2,363,354
1181,6,329,14,829,100.5,100.5,0.2,368,336
1182,8,329,14,831,100.5,100.5,0.1,368,327
1183,8,329,14,829,100.5,100.5,0.1,349,340
1184,8,329,14,831,100.5,100.5,0.1,363,349
1185,6,329,14,830,100.5,100.5,0.2,363,345
1186,6,329,14,831,100.5,100.5,0.2,345,327
1187,6,329,14,830,100.5,100.5,0.1,345,340
1188,6,328,14,831,100.5,100.5,0.2,345,322
1189,6,328,14,827,100.5,100.5,0.2,345,332
1190,8,328,14,827,100.5,100.5,0.1,345,322
1191,6,328,14,828,100.5,100.5,0.1,340,327
1192,8,327,28,888,100.5,100.5,0.1,340,322
1193,8,332,28,938,100.5,100.5,0.2,345,340
1194,6,334,28,984,100.0,100.5,0.2,345,340
1195,8,346,28,1016,100.0,100.5,0.1,359,327
1196,8,356,28,1068,100.0,100.0,0.1,349,327
1197,10,362,28,1061,100.0,100.0,0.1,349,322
1198,10,367,28,1034,100.0,100.0,0.2,373,336
1199,12,368,28,1018,100.0,100.0,0.2,373,332
1200,10,370,14,961,100.0,100.0,0.1,363,345
1201,10,365,14,873,100.0,100.5,0.1,363,345
1202,10,364,14,834,100.0,100.5,0.1,354,345
1203,10,357,14,823,100.5,100.5,0.1,373,327
1204,10,344,14,814,100.5,100.0,0.2,373,327
1205,10,337,14,819,100.5,100.5,0.1,354,332
1206,8,336,14,819,100.5,100.5,0.1,354,332
1207,8,333,14,821,100.5,100.5,0.2,349,340
1208,8,331,14,828,100.5,100.5,0.1,349,336
1209,8,330,14,828,100.5,100.5,0.1,340,322
1210,10,329,14,831,100.5,100.5,0.1,340,340
1211,6,329,14,832,100.5,100.5,0.1,340,318
1212,8,328,14,831,100.5,100.5,0.1,354,322
1213,8,328,14,825,100.5,100.5,0.2,354,327
1214,8,328,14,826,100.5,100.5,0.1,345,340
1215,8,328,14,832,100.5,100.5,0.1,345,322
1216,8,328,14,832,100.5,100.5,0.1,340,318
1217,8,328,14,829,100.5,100.5,0.2,354,336
1218,8,328,14,828,100.5,100.5,0.2,354,332
1219,6,329,14,834,100.5,100.5,0.2,345,308
1220,8,330,14,830,100.5,100.5,0.2,345,308
1221,6,329,14,829,100.5,100.5,0.2,359,332
1222,8,329,14,823,100.5,100.5,0.1,359,327
1223,10,329,14,828,100.5,100.5,0.1,349,327
1224,6,329,14,827,100.5,100.5,0.1,332,313
1225,8,329,14,825,100.5,100.5,0.1,332,308
1226,8,329,14,832,100.5,100.5,0.2,332,308
1227,6,329,14,830,100.5,100.5,0.2,332,318
1228,6,329,14,828,100.5,100.5,0.2,349,322
1229,6,329,14,830,100.5,100.5,0.1,349,313
1230,6,329,14,830,100.5,100.5,0.1,340,313
1231,8,328,14,825,100.5,100.5,0.1,332,308
1232,8,328,14,829,100.5,100.5,0.1,332,313
1233,8,328,14,825,100.5,100.5,0.1,340,308
1234,8,328,14,829,100.5,100.5,0.2,340,318
1235,8,328,14,831,100.5,100.5,0.2,345,304
1236,8,328,14,834,100.5,100.5,0.1,345,308
1237,8,328,14,831,100.5,100.5,0.2,345,290
1238,8,328,14,831,100.5,100.5,0.2,349,290
1239,6,329,14,835,100.5,100.5,0.1,349,304
1240,6,329,14,832,100.5,100.5,0.1,332,299
1241,8,329,14,828,100.5,100.5,0.1,332,313
1242,6,329,14,825,100.5,100.5,0.1,322,313
1243,8,329,14,830,100.5,100.5,0.1,322,313
1244,8,329,14,828,100.5,100.5,0.1,322,299
1245,8,329,14,833,100.5,100.5,0.0,318,313
1246,6,329,14,834,100.5,100.5,0.2,318,299
1247,8,329,14,829,100.5,100.5,0.2,340,308
1248,8,329,14,827,100.5,100.5,0.2,340,299
1249,8,329,14,830,100.5,100.5,0.1,336,318
1250,8,329,14,832,100.5,100.5,0.2,336,308
1251,6,328,14,826,100.5,100.5,0.1,332,304
1252,8,328,14,826,100.5,100.5,0.1,318,290
1253,6,328,14,831,100.5,100.5,0.1,318,285
1254,8,328,14,833,100.5,100.5,0.2,336,285
1255,8,328,14,829,100.5,100.5,0.1,336,308
1256,8,329,14,831,100.5,100.5,0.1,332,304
1257,6,329,14,828,100.5,100.5,0.2,332,304
1258,6,329,14,834,100.5,100.5,0.1,318,313
1259,8,329,14,832,100.5,100.5,0.1,336,308
1260,6,329,14,823,100.5,100.5,0.2,336,290
1261,6,329,14,830,100.5,100.5,0.1,322,299
1262,6,329,14,827,100.5,100.5,0.1,322,299
1263,6,328,14,832,100.5,100.5,0.2,313,285
1264,8,329,14,831,100.5,100.5,0.2,313,299
1265,8,329,14,832,100.5,100.5,0.1,336,299
1266,6,329,14,826,100.5,100.5,0.2,336,308
1267,8,329,14,827,100.5,100.5,0.2,336,290
1268,6,329,14,830,100.5,100.5,0.2,327,304
1269,8,329,14,832,100.5,100.5,0.1,327,280
1270,8,329,14,829,100.5,100.5,0.1,332,304
1271,8,328,14,826,100.5,100.5,0.1,332,280
1272,6,328,14,829,100.5,100.5,0.1,327,280
1273,6,328,14,832,100.5,100.5,0.2,318,299
1274,6,329,14,834,100.5,100.5,0.1,318,276
1275,6,329,14,828,100.5,100.5,0.1,327,290
1276,8,328,14,830,100.5,100.5,0.1,327,304
1277,8,329,14,825,100.5,100.5,0.0,332,304
1278,6,328,14,830,100.5,100.5,0.2,332,290
1279,6,329,14,830,100.5,100.5,0.1,313,285
1280,6,328,14,832,100.5,100.5,0.1,322,290
1281,6,328,14,832,100.5,100.5,0.2,322,290
1282,6,329,14,831,100.5,100.5,0.1,327,299
1283,6,329,14,832,100.5,100.5,0.1,327,290
1284,6,329,14,832,100.5,100.5,0.1,313,290
1285,6,329,14,828,100.5,100.5,0.2,313,299
1286,6,329,14,823,100.5,100.5,0.0,327,299
1287,6,329,14,829,100.5,100.5,0.1,308,290
1288,6,328,14,829,100.5,100.5,0.1,308,276
1289,6,328,16,833,100.5,100.5,0.2,332,304
1290,6,328,23,878,100.5,100.5,0.1,332,280
1291,6,328,24,936,100.5,100.5,0.1,308,290
1292,8,335,23,967,100.0,100.5,0.1,308,280
1293,6,349,20,949,100.0,100.5,0.2,313,299
1294,8,350,20,921,100.0,100.5,0.1,327,308
1295,8,352,20,901,100.5,100.5,0.1,327,304
1296,8,353,20,893,100.5,100.5,0.1,332,304
1297,8,352,20,890,100.5,100.5,0.1,332,313
1298,10,351,33,936,100.0,100.5,0.1,340,290
1299,10,350,33,979,100.0,100.5,0.1,340,304
1300,8,353,35,1029,100.0,100.5,0.1,332,313
1301,10,357,36,1074,100.0,100.0,0.2,345,304
1302,12,366,36,1108,100.0,100.0,0.2,345,308
1303,10,371,34,1134,100.0,100.0,0.1,340,308
1304,12,377,27,1113,100.0,100.0,0.1,340,304
1305,14,379,29,1068,100.0,100.0,0.0,363,318
1306,14,379,29,1042,100.0,100.0,0.1,363,308
1307,12,378,22,1011,100.0,100.0,0.2,359,332
1308,12,378,14,907,100.0,100.0,0.2,349,322
1309,10,367,14,847,100.0,100.0,0.2,349,327
1310,12,356,23,844,100.0,100.5,0.2,349,322
1311,10,350,27,923,100.0,100.5,0.2,349,308
1312,10,354,27,991,100.0,100.5,0.1,363,322
1313,10,359,27,1016,100.0,100.5,0.2,354,327
1314,12,362,27,1028,100.0,100.0,0.1,354,336
1315,10,365,14,966,100.0,100.0,0.2,363,318
1316,12,362,14,867,100.0,100.5,0.1,363,318
1317,10,356,14,834,100.5,100.5,0.2,340,327
1318,10,354,14,819,100.5,100.5,0.1,340,318
1319,10,347,14,807,100.5,100.5,0.2,359,340
1320,10,340,14,818,100.5,100.5,0.1,349,327
1321,8,332,14,820,100.5,100.5,0.2,349,336
1322,10,330,14,819,100.5,100.5,0.2,349,313
1323,8,329,14,827,100.5,100.5,0.1,349,332
1324,8,329,14,824,100.5,100.5,0.2,336,318
1325,8,328,14,826,100.5,100.5,0.2,336,332
1326,8,328,14,821,100.5,100.5,0.1,345,313
1327,6,328,14,824,100.5,100.5,0.2,349,304
1328,8,327,14,826,100.5,100.5,0.1,349,304
1329,8,327,14,826,100.5,100.5,0.1,349,304
1330,8,328,14,828,100.5,100.5,0.2,349,327
1331,8,327,14,827,100.5,100.5,0.1,332,313
1332,8,328,13,830,100.5,100.5,0.2,332,318
1333,8,327,0,761,100.5,100.5,0.2,322,299
1334,6,326,0,695,100.5,100.5,0.2,322,299
1335,8,304,0,644,100.5,100.5,0.2,340,304
1336,6,285,0,630,100.5,100.5,0.1,313,318
1337,6,276,0,644,100.5,100.5,0.2,313,318
1338,6,268,0,651,100.5,100.5,0.2,336,308
1339,6,265,0,655,100.5,100.5,0.2,336,313
1340,4,261,0,656,100.5,100.5,0.2,313,299
1341,6,259,0,652,100.5,100.5,0.2,313,308
1342,6,259,0,651,100.5,100.5,0.1,304,290
1343,6,257,0,653,100.5,100.5,0.2,304,280
1344,4,255,0,652,100.5,100.5,0.1,304,308
1345,4,254,0,648,100.5,100.5,0.1,322,304
1346,6,254,0,651,100.5,100.5,0.2,322,304
1347,4,253,0,648,100.5,100.5,0.1,308,290
1348,6,253,0,648,100.5,100.5,0.2,308,276
1349,4,252,0,647,100.5,100.5,0.1,313,280
1350,4,251,0,648,100.5,100.5,0.2,313,299
1351,4,251,0,651,100.5,100.5,0.2,313,276
1352,4,252,0,657,100.5,100.5,0.2,290,276
1353,4,253,0,661,100.5,100.5,0.2,290,285
1354,4,253,0,664,100.5,100.5,0.2,313,276
1355,4,255,0,660,100.5,100.5,0.2,313,285
1356,4,257,0,658,100.5,100.5,0.2,313,276
1357,4,259,0,658,100.5,100.5,0.1,290,290
1358,4,260,0,652,100.5,100.5,0.2,290,285
1359,4,259,0,656,100.5,100.5,0.1,313,280
1360,4,260,0,654,100.5,100.5,0.2,313,262
1361,4,260,0,655,100.5,100.5,0.2,285,280
1362,4,259,0,651,100.5,100.5,0.2,285,262
1363,2,260,0,652,100.5,100.5,0.1,304,252
1364,4,260,0,655,100.5,100.5,0.2,271,271
1365,2,259,0,649,100.5,100.5,0.2,271,257
1366,2,260,0,651,100.5,100.5,0.2,280,271
1367,4,260,0,651,100.5,100.5,0.1,280,247
1368,2,260,0,650,100.5,100.5,0.2,280,252
1369,2,260,0,649,100.5,100.5,0.2,280,252
1370,4,260,0,654,100.5,100.5,0.1,262,252
1371,2,260,0,652,100.5,100.5,0.1,271,266
1372,2,260,0,651,100.5,100.5,0.1,271,266
1373,2,260,0,649,100.5,100.5,0.2,257,237
1374,0,260,0,652,100.5,100.5,0.1,257,247
1375,2,260,0,649,100.5,100.5,0.1,280,252
1376,2,260,0,650,100.5,100.5,0.1,252,257
1377,2,260,0,651,100.5,100.5,0.2,252,252
1378,2,260,0,649,100.5,100.5,0.2,266,237
1379,2,260,0,651,100.5,100.5,0.1,266,233
1380,2,260,0,652,100.5,100.5,0.2,271,242
1381,2,260,0,650,100.5,100.5,0.1,271,247
1382,2,260,0,651,100.5,100.5,0.2,252,247
1383,0,259,0,650,100.5,100.5,0.2,262,237
1384,2,260,0,650,100.5,100.5,0.2,262,223
1385,2,260,0,649,100.5,100.5,0.2,266,233
1386,0,260,0,650,100.5,100.5,0.1,266,237
1387,2,259,0,652,100.5,100.5,0.2,242,223
1388,2,260,0,650,100.5,100.5,0.1,242,218
1389,2,260,0,652,100.5,100.5,0.2,257,228
1390,2,259,0,649,100.5,100.5,0.2,257,218
1391,2,260,0,650,100.5,100.5,0.1,257,237
1392,2,260,0,652,100.5,100.5,0.1,237,223
1393,2,259,0,649,100.5,100.5,0.2,237,233
1394,2,260,0,649,100.5,100.5,0.2,233,218
1395,2,259,0,652,100.5,100.5,0.2,233,233
1396,2,260,0,651,100.5,100.5,0.2,237,233
1397,2,259,0,649,100.5,100.5,0.2,247,228
1398,2,260,0,650,100.5,100.5,0.1,247,228
1399,2,259,0,649,100.5,100.5,0.2,228,208
1400,2,260,0,651,100.5,100.5,0.1,228,213
1401,2,259,0,653,100.5,100.5,0.2,223,213
1402,2,259,0,649,100.5,100.5,0.2,223,228
1403,2,259,0,651,100.5,100.5,0.1,237,228
1404,2,260,0,651,100.5,100.5,0.2,228,228
1405,2,260,0,650,100.5,100.5,0.1,228,213
1406,2,260,0,650,100.5,100.5,0.2,228,218
1407,2,260,0,652,100.5,100.5,0.2,228,208
1408,0,260,0,653,100.5,100.5,0.1,228,218
1409,2,260,0,650,100.5,100.5,0.2,228,213
1410,0,260,0,650,100.5,100.5,0.1,242,208
1411,2,260,0,651,100.5,100.5,0.1,237,204
1412,0,260,0,650,100.5,100.5,0.2,237,213
1413,2,260,0,652,100.5,100.5,0.2,233,204
1414,2,259,0,649,100.5,100.5,0.2,233,208
1415,2,260,0,652,100.5,100.5,0.2,213,194
1416,2,259,0,650,100.5,100.5,0.2,213,208
1417,2,260,0,649,100.5,100.5,0.1,213,204
1418,2,260,0,651,100.5,100.5,0.2,223,199
1419,0,260,0,649,100.5,100.5,0.2,223,213
1420,2,260,0,651,100.5,100.5,0.2,218,204
1421,2,259,0,649,100.5,100.5,0.1,218,189
1422,0,260,0,650,100.5,100.5,0.1,213,199
1423,0,259,0,650,100.5,100.5,0.2,233,208
1424,2,260,0,650,100.5,100.5,0.2,233,199
1425,2,260,0,653,100.5,100.5,0.2,204,208
1426,2,260,0,649,100.5,100.5,0.1,204,204
1427,2,259,0,650,100.5,100.5,0.1,213,184
1428,2,260,0,650,100.5,100.5,0.2,213,199
1429,2,260,0,651,100.5,100.5,0.1,223,194
1430,2,260,0,649,100.5,100.5,0.2,223,194
1431,0,259,0,649,100.5,100.5,0.2,223,199
1432,0,260,0,652,100.5,100.5,0.2,199,184
1433,2,260,0,651,100.5,100.5,0.2,199,194
1434,0,259,0,650,100.5,100.5,0.2,208,179
1435,2,260,0,652,100.5,100.5,0.2,208,204
1436,2,259,0,650,100.5,100.5,0.2,213,199
1437,0,260,0,652,100.5,100.5,0.2,199,194
1438,2,259,0,650,100.5,100.5,0.2,199,179
1439,2,259,0,651,100.5,100.5,0.0,204,174
1440,0,259,0,651,100.5,100.5,0.2,204,189
1441,0,259,0,650,100.5,100.5,0.1,208,199
1442,0,260,0,650,100.5,100.5,0.2,208,184
1443,0,259,0,652,100.5,100.5,0.2,213,174
1444,2,259,0,652,100.5,100.5,0.1,204,184
1445,2,259,0,650,100.5,100.5,0.2,204,174
1446,0,260,0,650,100.5,100.5,0.2,218,189
1447,0,259,0,650,100.5,100.5,0.1,218,189
1448,0,260,0,649,100.5,100.5,0.2,199,174
1449,2,259,0,653,100.5,100.5,0.1,199,179
1450,2,259,0,649,100.5,100.5,0.2,199,189
"12/22/2021 22:47","Data Logging Canceled","(Total Samples = 2000 - Sample Rate = 120 Per Minute)"
